16
16
16
14
12
12
12
15
15
28
16
16
17
8
15
12
5
16
14
29
15
15
15
13
14
15
8
15
7
12
14
19
15
14
15
25
6
15
13
15
16
16
11
13
15
9
10
14
15
12
16
17
11
13
14
15
15
17
14
12
15
16
14
10
15
14
12
13
12
17
14
15
18
13
16
21
14
14
12
8
19
1
16
23
77
14
13
16
15
17
8
15
16
13
12
14
15
16
16
15
14
18
15
13
27
10
15
13
15
17
12
16
17
14
10
18
12
14
15
13
8
15
16
16
14
11
12
12
16
12
15
17
14
20
10
13
15
14
16
3
15
15
17
11
13
19
16
14
19
36
11
17
17
18
14
11
16
16
17
13
12
15
35
15
10
17
20
15
15
16
70
15
16
24
15
8
15
16
15
11
4
15
14
19
13
18
9
14
14
19
14
20
18
13
16
12
14
8
16
18
15
6
14
17
16
12
15
17
13
14
17
15
19
16
16
16
21
10
15
16
15
12
14
17
14
16
12
23
13
14
11
11
16
16
17
16
15
17
13
16
13
16
12
14
14
10
12
16
30
16
11
14
15
722
16
8
17
9
15
15
13
15
10
15
17
11
15
15
13
14
15
15
15
15
14
8
15
15
10
20
9
13
17
14
12
13
15
10
15
13
16
17
55
15
14
15
13
17
14
17
13
17
16
12
15
16
8
15
16
15
13
16
10
15
20
16
12
18
19
15
16
11
7
9
13
15
15
16
13
14
11
14
15
17
16
16
19
23
11
14
16
15
10
14
12
14
13
11
22
15
15
17
13
24
15
15
14
17
14
16
14
14
15
10
15
13
11
14
15
13
15
17
19
39
16
14
15
10
11
16
14
14
18
16
16
6
13
16
16
16
11
16
17
14
10
12
14
15
16
15
15
13
16
13
20
15
16
11
16
15
14
25
23
29
16
14
17
15
13
33
15
16
13
15
17
20
16
12
16
16
9
13
14
11
18
24
21
15
16
14
15
13
30
14
12
16
11
13
13
20
16
15
18
14
17
14
17
15
16
16
23
13
30
243
16
12
15
11
12
14
22
10
12
11
13
16
13
27
13
29
17
78
15
15
55
16
13
14
17
14
15
15
14
16
16
13
24
15
15
15
15
12
16
13
15
14
17
12
17
15
13
14
14
12
14
35
10
19
16
14
16
14
15
14
16
12
133
16
17
30
16
94
11
2
15
15
15
15
16
14
31
18
13
13
15
15
14
15
12
18
16
21
16
14
12
15
19
14
11
15
15
11
16
14
17
15
15
13
15
16
15
9
16
18
12
23
13
13
17
13
6
12
16
12
15
16
11
13
17
14
22
8
16
14
16
13
16
16
16
14
17
16
16
12
17
7
7
16
16
14
15
15
23
20
18
16
15
16
16
17
16
14
11
14
15
13
12
13
22
12
38
16
12
22
14
24
14
17
16
15
16
16
17
15
16
16
14
16
12
20
14
15
18
14
15
4
20
12
14
17
10
17
16
16
14
14
13
20
13
16
15
11
15
16
15
14
18
13
15
13
17
41
15
12
15
15
15
11
12
16
15
23
13
16
15
17
13
22
15
13
