700
763 228
668 851
752 823
670 458
768 536
652 488
492 112
51 314
415 824
31 628
858 427
868 663
575 499
464 160
828 611
310 318
80 50
37 288
179 504
490 23
496 469
240 601
582 659
666 250
411 319
306 605
132 319
70 478
848 265
147 107
276 427
806 95
161 585
219 386
396 685
857 61
399 684
836 465
247 103
533 751
613 504
727 870
310 555
11 78
803 646
408 444
285 215
279 275
164 491
501 252
713 193
293 851
99 62
519 792
327 502
668 609
482 874
90 641
447 380
826 147
408 599
623 662
598 764
48 74
446 358
561 879
90 133
177 86
408 870
770 92
819 750
834 860
889 159
844 352
669 790
519 43
181 262
410 782
411 312
345 529
560 59
435 435
494 867
659 50
713 10
373 274
837 609
449 770
223 481
781 862
210 220
446 627
774 605
498 440
37 119
492 646
530 813
511 453
823 412
215 558
697 629
421 869
497 478
704 868
49 836
588 156
386 803
102 522
83 397
121 816
63 312
325 608
888 191
139 470
45 53
641 78
366 153
170 511
753 463
291 208
576 108
456 439
643 598
875 192
134 349
702 806
300 664
378 784
257 30
159 113
607 253
636 797
389 121
541 51
553 245
626 434
333 635
294 716
483 421
280 840
226 254
541 244
151 874
89 68
215 42
587 661
854 891
73 322
164 811
689 24
87 55
897 383
743 865
122 889
806 604
791 518
764 377
853 457
482 48
308 502
423 267
607 606
9 268
304 547
477 342
575 867
83 79
470 577
669 200
899 520
12 775
258 667
712 771
61 887
611 566
705 799
596 628
774 683
178 758
231 207
86 344
286 677
750 728
833 275
684 222
894 131
117 780
91 375
351 329
530 44
162 445
767 83
83 608
474 346
889 361
104 197
544 56
440 300
855 772
125 729
50 402
154 42
722 504
146 851
693 874
720 387
488 269
709 852
555 117
293 388
310 33
708 545
79 735
287 895
733 229
778 431
19 280
325 767
533 225
815 428
611 52
531 309
545 272
109 567
704 754
817 194
738 882
59 800
531 429
866 418
46 111
539 448
746 851
887 653
599 712
627 871
436 709
539 80
282 620
675 649
876 453
867 463
280 214
198 425
518 864
45 76
288 303
417 796
26 602
631 851
483 833
723 834
190 371
1 722
479 473
98 210
184 881
336 848
581 205
472 427
652 760
323 577
603 459
834 704
397 774
327 252
829 442
387 596
301 136
419 176
631 380
549 196
669 683
578 377
321 409
253 99
437 606
848 398
252 301
437 49
340 550
454 252
667 821
496 758
284 440
510 717
658 377
696 444
251 211
219 164
842 731
16 272
634 13
265 736
353 95
264 557
313 104
659 576
69 468
771 134
269 237
136 749
475 619
132 488
529 858
767 436
646 247
363 728
571 87
666 327
111 298
687 464
365 135
793 436
51 550
738 163
640 615
697 106
462 30
479 842
829 865
605 225
666 481
585 375
359 139
419 632
598 719
743 164
282 286
744 633
680 832
349 372
646 319
154 821
728 795
832 745
847 877
52 699
348 558
323 298
87 494
256 323
608 408
490 219
157 55
242 728
880 532
67 113
890 69
33 239
761 332
54 792
134 255
772 46
526 211
303 676
506 210
367 45
308 141
367 847
562 760
304 714
700 354
216 256
391 534
720 655
48 71
118 409
552 577
542 264
466 303
112 766
38 423
20 637
646 90
413 264
631 446
336 390
396 77
521 82
456 206
546 422
739 763
747 644
607 124
679 873
99 184
242 504
281 848
722 653
196 428
265 313
774 66
706 214
290 295
184 616
202 750
579 200
106 561
297 664
506 159
265 183
872 825
860 165
68 683
405 457
155 754
60 444
775 704
94 580
226 812
39 649
53 647
9 240
811 248
337 92
843 145
44 281
852 496
861 34
161 466
808 873
155 187
227 503
643 112
750 54
503 720
609 427
68 403
873 223
846 540
245 253
372 215
75 310
754 101
30 538
87 862
349 559
524 685
335 238
628 862
356 640
12 293
682 406
99 345
781 823
749 441
562 334
514 258
104 853
815 858
512 508
32 380
239 247
801 893
140 618
529 589
168 806
235 778
451 567
631 44
230 257
863 829
2 483
385 844
360 775
501 98
869 770
885 320
206 678
61 754
260 205
501 297
522 549
680 132
712 145
258 506
752 41
304 235
610 26
502 261
390 5
82 512
663 658
14 749
688 175
410 284
319 586
99 656
220 509
368 387
399 761
562 410
488 611
686 776
94 257
840 51
586 890
77 291
707 526
197 548
176 760
503 595
735 519
148 794
500 307
500 631
285 594
617 760
599 570
198 524
247 252
704 562
187 52
148 594
542 18
420 312
777 94
85 790
654 170
874 237
70 384
649 494
535 242
699 868
488 716
5 644
519 674
766 882
674 28
505 872
7 629
679 371
222 111
706 787
431 316
712 682
735 99
133 603
75 471
20 493
757 91
681 495
428 406
378 751
297 520
159 481
727 388
477 393
657 223
857 734
17 236
670 601
388 167
640 145
780 487
642 73
584 359
693 497
616 235
275 148
847 343
42 323
152 163
641 123
416 375
148 479
283 224
80 379
769 267
792 686
44 21
869 345
49 464
424 524
392 20
366 280
217 239
623 648
186 520
671 366
374 124
689 652
632 556
659 473
833 531
363 174
145 278
783 823
436 321
36 584
583 689
777 220
239 431
886 631
408 327
589 710
455 72
304 679
351 310
108 727
862 175
707 779
453 420
854 110
247 228
350 850
379 767
303 800
590 138
353 503
404 573
787 60
551 56
71 292
888 395
403 708
562 486
365 581
467 868
203 618
327 275
312 339
281 420
536 473
692 580
126 199
600 519
36 616
690 576
470 14
131 705
815 550
51 801
357 353
746 46
145 448
40 343
843 569
551 701
859 471
876 533
387 44
794 333
241 797
587 652
277 223
677 499
632 96
797 719
782 270
854 313
98 795
353 585
671 443
770 462
729 70
708 196
738 604
91 610
182 663
867 157
525 362
24 273
490 82
68 275
376 586
70 719
622 284
663 734
878 216
83 20
163 588
128 539
146 599
529 331
115 813
398 552
517 280
333 390
764 149
624 19
583 368
455 220
471 421
536 273
296 529
166 126
460 212
828 469
276 849
437 28
614 292
841 742
46 358
727 717
84 211
11 180
427 587
153 260
