11
386
48 41
9 39
46 33
32 12
22 12
12 40
15 1
18 30
22 32
22 35
6 6
32 42
8 50
34 17
2 23
8 42
47 41
16 1
10 21
7 40
30 46
39 36
40 32
24 4
23 16
25 2
44 16
4 46
44 27
43 21
42 47
9 3
42 32
40 46
18 22
50 31
24 32
31 11
37 7
3 44
20 19
21 20
21 47
45 8
10 6
28 7
40 37
30 24
27 18
10 26
33 41
24 28
40 10
31 40
16 24
33 30
23 49
4 10
10 28
10 24
43 34
49 48
34 20
45 34
12 26
5 21
30 2
26 44
26 45
15 32
16 10
8 45
15 21
12 43
22 1
40 9
14 11
26 10
9 7
5 29
10 3
32 42
29 31
41 49
29 42
25 48
42 26
16 24
40 44
1 7
26 21
37 31
10 11
30 30
3 16
30 7
43 23
35 42
7 14
1 1
1 44
21 16
49 23
50 37
6 7
46 22
37 35
6 28
30 34
36 46
1 45
25 18
32 4
2 34
21 10
46 13
5 32
20 16
6 21
42 20
25 22
46 31
26 37
7 32
50 30
44 20
46 39
42 7
26 40
3 28
28 9
35 43
32 4
38 46
30 26
25 10
1 30
49 14
7 31
7 33
8 16
2 31
44 44
44 39
2 33
4 40
31 37
47 44
7 15
21 47
35 21
47 39
47 46
27 2
42 41
35 45
45 22
26 44
44 33
30 31
28 35
41 15
8 49
21 39
7 35
36 30
47 33
45 22
37 12
2 34
14 5
19 31
25 24
7 26
24 7
8 8
12 3
6 15
1 23
37 30
18 27
31 15
49 28
38 8
37 42
17 18
7 9
16 23
27 41
10 43
45 46
22 1
3 43
27 46
3 4
32 35
37 42
30 6
38 8
39 11
11 23
32 37
23 27
37 30
8 5
49 30
5 39
11 26
8 7
35 45
20 21
33 13
19 36
16 25
1 4
4 41
46 37
43 37
29 34
26 22
22 49
30 20
16 37
15 45
7 17
41 8
43 6
7 2
2 14
29 5
41 15
45 7
26 2
17 4
34 40
47 29
15 27
43 32
13 19
45 10
23 2
27 44
42 14
8 6
4 11
44 8
2 5
28 12
23 2
23 43
46 8
16 10
11 41
35 38
39 47
40 35
10 3
39 16
4 33
7 1
30 30
21 37
11 7
32 40
13 22
48 22
42 8
21 3
11 7
34 42
19 12
15 26
15 4
4 35
33 7
31 11
22 4
7 10
14 5
39 24
4 42
28 47
10 34
42 26
20 22
46 24
41 27
17 28
37 13
32 26
49 22
41 2
48 1
10 9
10 34
21 29
34 40
21 19
20 31
16 48
22 1
43 28
46 48
46 26
33 8
23 39
49 3
34 43
34 21
40 12
48 11
35 29
13 15
7 34
2 4
24 17
48 21
41 2
5 49
34 7
31 10
40 30
8 43
25 21
42 19
37 2
8 45
9 25
28 11
12 16
12 6
29 12
22 7
18 38
1 37
21 47
7 38
24 42
43 41
14 21
24 46
9 28
28 50
28 1
11 29
11 11
2 10
11 49
39 50
1 47
22 38
11 17
50 46
6 23
36 1
41 25
47 35
22 22
40 25
48 44
41 9
2 42
16 8
7 16
21 8
19 41
44 40
3 34
33 25
1 28
38 25
4 32
34 49
34 25
39 36
31 16
42 15
44 50
12 40
17 48
26 10
28 18
31 48
7 43
35 7
31 7
658
23 25
47 30
36 25
4 5
10 41
28 33
20 29
21 17
16 38
50 40
6 26
38 20
20 14
38 24
21 29
24 34
23 20
31 8
27 29
10 42
9 5
31 24
48 25
17 18
36 7
39 14
18 13
16 27
36 9
25 6
41 6
20 31
25 18
29 2
2 1
39 2
10 48
37 8
7 11
28 46
15 36
28 19
25 21
33 5
1 32
44 25
12 17
40 7
37 8
19 35
2 27
31 49
21 43
29 46
26 28
40 1
33 14
49 44
29 22
6 7
21 11
49 33
27 20
7 7
4 38
42 17
18 15
39 32
23 17
14 39
44 10
8 16
45 6
21 50
24 44
35 15
33 28
47 28
40 17
46 44
22 48
6 16
5 27
48 21
15 13
24 36
37 43
6 21
21 15
6 9
6 44
17 29
50 44
28 49
33 5
38 16
32 8
2 30
46 11
21 13
36 30
34 47
7 9
5 41
32 9
48 10
24 19
2 18
41 11
9 33
19 41
34 12
20 25
11 30
28 45
50 4
50 23
1 34
35 21
10 39
45 49
10 12
17 41
10 45
6 1
18 15
30 38
16 49
38 14
10 38
24 48
5 41
29 35
45 50
44 13
14 41
2 15
42 34
50 14
1 34
6 30
13 39
21 39
5 29
34 5
2 8
16 35
43 2
13 18
16 12
48 45
43 14
35 32
46 14
39 7
7 40
44 15
14 22
35 11
28 36
16 9
1 10
33 49
21 8
23 1
12 9
6 20
32 35
27 7
29 31
47 35
15 28
12 48
34 11
5 34
34 24
4 2
4 3
11 2
4 18
37 7
47 42
20 6
29 20
30 2
44 26
25 4
17 41
2 10
5 49
14 12
31 27
2 10
22 32
43 20
17 12
15 11
5 12
4 37
11 13
14 9
34 12
44 16
12 10
25 7
7 19
14 22
41 14
49 2
19 8
3 16
11 15
21 44
35 5
13 18
14 25
41 11
49 21
20 28
38 30
1 37
47 35
28 27
9 19
44 6
27 1
8 7
32 45
46 8
9 29
47 39
7 9
5 11
3 3
41 3
11 27
14 29
15 44
18 48
8 44
20 11
32 6
42 46
5 34
34 2
3 1
30 30
47 44
50 38
31 5
41 17
28 9
1 29
27 45
5 34
20 11
2 29
9 18
34 41
27 49
41 49
9 48
47 39
24 32
31 29
10 33
16 17
39 35
29 22
14 37
44 21
12 6
29 23
9 10
49 12
46 36
13 23
41 31
39 3
25 21
22 47
17 24
21 22
34 50
21 9
49 6
8 7
17 8
39 39
8 29
18 20
19 16
35 42
11 41
40 12
35 35
39 34
6 20
9 4
5 6
2 29
38 12
41 5
2 4
4 5
35 4
26 35
10 50
46 24
4 11
7 13
7 43
4 13
29 3
12 40
24 6
28 17
15 39
33 17
44 42
1 45
20 3
9 4
41 41
46 1
31 43
31 40
13 29
36 15
39 21
12 44
25 29
24 3
36 37
24 2
29 36
44 43
12 31
50 18
38 34
43 4
4 9
28 31
5 10
27 29
27 50
38 46
40 48
38 33
21 4
42 2
16 50
37 27
44 21
36 5
40 12
14 35
3 9
31 11
12 37
7 16
42 47
18 21
11 19
49 37
43 33
1 49
29 1
20 38
34 43
28 38
27 1
48 14
12 38
25 14
15 46
2 5
22 11
39 22
14 50
30 47
22 25
8 27
35 17
11 44
13 6
16 13
20 44
47 12
44 4
17 16
50 44
39 42
30 16
48 35
18 24
38 39
47 14
30 18
7 20
17 46
6 15
31 39
34 3
20 5
25 21
26 30
47 27
24 25
30 19
41 16
13 12
26 25
44 42
13 29
1 20
3 39
31 37
29 38
29 9
13 14
18 6
36 20
8 34
5 47
11 40
19 31
9 36
44 37
32 50
10 9
29 17
6 34
48 16
39 41
18 34
21 36
28 21
2 18
3 36
1 15
33 28
18 11
28 50
13 4
40 47
17 18
11 9
20 2
8 23
47 2
17 17
35 27
20 48
13 11
41 25
27 36
49 25
30 20
29 41
49 38
44 44
9 24
45 24
48 13
14 20
48 46
36 12
20 30
14 8
19 48
16 7
29 44
14 32
24 18
18 28
15 34
43 40
25 7
4 19
21 15
29 40
6 8
17 42
12 28
31 43
2 49
22 11
11 38
44 15
30 24
9 14
11 46
15 47
9 48
13 31
7 34
3 3
15 20
42 29
11 50
9 5
21 29
22 1
39 44
14 40
35 27
37 21
46 28
9 11
42 31
45 31
32 2
32 13
10 1
38 37
46 15
20 2
16 27
7 28
13 5
11 45
43 46
7 2
12 48
46 46
37 39
30 4
35 47
40 4
36 1
49 10
43 31
42 35
9 33
34 40
38 22
47 4
3 13
43 31
5 34
15 20
18 43
30 25
11 32
1 40
39 42
5 29
44 1
34 47
34 2
31 37
1 49
37 47
1 43
44 14
1 38
30 37
22 49
4 8
41 21
47 42
6 31
36 31
3 40
26 24
36 24
8 35
15 23
36 13
48 31
27 27
18 47
8 36
48 26
50 28
9 47
18 18
50 34
29 38
47 44
34 41
20 25
49 47
20 10
2 39
4 18
45 20
22 20
8 39
14 22
4 1
34 6
2 41
3 33
37 50
23 36
11 18
2 10
3 48
31 14
31 22
19 24
12 18
25 21
15 6
40 47
20 9
1 30
15 30
12 4
27 31
18 1
34 27
11 21
41 30
35 8
31 28
16 34
22 29
8 32
28 45
45 8
24 20
39 44
27 9
29 28
33 20
28 7
11 6
48 13
37 3
20 22
25 1
19 36
8 5
45 28
34 47
37 2
18 11
12 20
25 34
38 14
21 28
8 16
11 3
50 48
6 21
48 19
27 12
49 26
40 15
1 17
29 36
34 39
42 26
40 34
17 31
326
47 3
48 27
11 18
37 46
15 30
4 24
22 11
12 20
42 6
19 6
5 30
8 44
38 41
35 40
27 28
6 8
50 26
34 14
22 36
46 26
49 12
23 34
26 38
1 1
43 13
40 10
7 22
30 3
46 49
14 25
4 32
4 41
34 22
30 18
3 35
18 7
22 1
4 44
18 33
31 3
3 18
45 22
6 27
42 33
1 43
43 19
49 4
47 26
17 33
20 11
35 29
25 11
31 15
18 35
8 4
38 34
24 24
22 16
3 49
14 42
44 8
26 6
29 42
33 14
11 31
16 14
18 7
18 49
49 41
17 46
50 1
30 38
17 18
34 33
5 13
28 34
6 42
26 39
47 10
45 50
12 6
45 23
47 5
11 16
31 27
38 28
3 6
11 39
5 32
19 39
4 12
5 26
36 24
35 25
11 30
18 38
46 3
6 7
30 11
27 8
47 37
7 32
34 47
36 1
8 41
49 6
22 18
20 47
12 19
32 45
45 2
8 41
42 28
27 3
32 23
26 46
31 7
16 3
24 42
39 27
40 36
28 32
48 25
29 32
15 48
16 50
48 26
17 36
30 35
43 45
20 34
17 11
41 13
14 50
41 11
30 5
19 14
32 17
49 26
36 48
44 48
11 20
40 43
45 29
47 11
27 26
4 12
2 36
27 5
11 18
36 27
26 40
14 34
33 19
49 49
29 44
18 43
27 40
23 8
26 40
18 10
6 19
18 17
35 35
3 14
3 27
27 47
13 1
48 8
13 24
3 4
45 27
31 47
43 5
50 19
32 36
14 47
25 29
34 26
49 34
28 8
6 15
5 29
30 45
42 30
6 27
2 30
27 35
1 7
10 38
47 47
8 26
43 19
2 12
33 37
26 25
17 13
38 43
24 13
34 28
10 4
18 6
26 10
40 30
12 17
15 48
37 10
36 2
11 28
24 11
17 29
6 36
29 47
25 31
27 29
18 31
46 36
41 47
33 35
19 7
17 18
8 41
1 4
28 31
45 34
39 24
46 17
26 45
38 16
27 16
6 5
42 45
41 12
4 18
13 4
50 40
28 32
7 37
13 22
41 22
31 49
7 14
3 38
25 49
16 22
41 50
35 15
19 41
12 42
36 28
42 33
10 15
34 27
29 39
2 18
42 49
14 40
18 18
13 3
27 14
19 27
26 27
28 49
21 41
16 4
39 17
42 6
33 27
40 42
32 6
3 15
33 28
5 17
44 23
8 19
18 11
29 27
36 29
24 33
27 28
23 5
34 3
35 30
3 6
27 31
5 33
49 15
11 26
23 3
28 21
30 16
1 31
30 45
15 4
33 17
19 18
10 36
6 46
41 17
8 27
7 45
27 42
47 5
33 46
29 23
28 34
37 43
32 18
26 1
22 44
14 45
15 18
44 49
34 2
40 30
39 33
10 8
4 26
15 3
7 30
41 2
45 20
49 19
1 34
19 8
36 42
814
9 34
48 9
15 42
13 42
4 41
14 26
36 19
10 1
3 9
45 23
7 14
50 23
26 7
40 23
18 29
18 27
43 5
25 34
27 24
30 48
45 21
1 8
39 2
37 8
26 45
6 5
45 46
8 18
40 13
25 11
5 3
6 17
22 29
49 29
6 42
20 10
21 24
4 34
25 43
4 35
36 1
45 41
22 44
26 15
29 43
18 33
10 12
5 31
48 10
24 48
34 27
14 17
45 46
46 4
29 20
18 45
41 43
33 24
50 46
13 35
5 2
17 50
46 30
1 3
19 10
17 47
6 1
36 40
31 36
49 18
16 15
37 17
32 18
39 2
47 34
6 6
41 15
43 29
17 34
5 19
41 48
29 22
23 8
35 6
39 35
24 44
31 22
43 19
29 7
32 42
18 31
46 34
16 23
22 26
13 4
45 4
27 18
37 24
3 6
12 34
9 2
36 13
12 15
49 21
37 48
43 21
7 43
2 39
14 21
22 32
4 8
23 26
35 48
40 31
28 11
18 25
50 30
23 12
31 39
37 9
22 10
32 5
34 31
8 48
32 19
24 38
30 42
17 16
42 30
27 49
21 8
31 43
47 6
35 17
45 36
18 38
22 4
44 23
25 46
23 42
32 41
22 12
2 14
6 43
5 23
1 6
32 35
45 29
28 8
23 2
33 9
47 7
14 33
6 9
19 39
23 11
42 37
34 45
45 9
26 40
44 39
45 27
1 15
12 42
19 6
43 26
30 33
17 27
45 38
50 47
48 17
30 27
28 35
15 25
26 19
47 35
17 3
27 10
41 6
48 22
50 30
25 44
21 12
43 23
34 7
28 14
37 46
18 36
3 15
41 45
42 39
16 26
8 20
6 26
33 32
30 30
34 40
42 50
43 39
2 9
27 41
29 36
31 25
29 17
36 20
30 29
20 19
35 26
5 23
41 47
26 42
21 49
1 18
36 8
2 35
50 48
28 46
2 4
33 9
18 12
5 13
40 32
18 6
16 4
22 32
17 32
41 41
15 37
5 26
34 48
25 6
42 48
18 45
22 10
15 43
1 48
20 6
21 39
14 41
19 19
5 32
18 12
13 23
26 32
36 37
15 49
37 13
49 43
24 45
18 8
46 22
18 1
17 18
6 35
32 22
32 12
25 11
9 16
39 50
29 7
4 18
21 10
8 21
43 41
36 43
9 20
19 49
32 42
17 46
39 26
2 37
33 41
19 18
5 16
8 2
30 18
24 35
29 49
20 30
32 2
13 30
12 37
34 18
44 17
31 50
48 8
26 18
17 31
20 24
4 35
23 15
4 10
34 1
3 37
46 19
2 10
43 38
19 28
19 36
50 11
38 23
33 18
45 19
39 43
17 17
10 20
3 28
46 21
2 1
49 9
33 21
39 25
27 31
3 17
4 9
42 10
39 38
19 43
31 50
4 30
49 15
25 50
46 16
16 45
25 9
46 33
9 6
46 16
46 45
38 33
28 39
16 19
2 47
15 15
34 40
17 12
37 27
12 19
30 8
39 17
30 18
39 15
41 31
15 25
22 28
9 38
31 46
32 24
15 3
21 29
5 36
4 14
24 4
12 24
26 34
12 20
19 1
1 6
26 32
48 49
29 14
18 7
39 43
23 7
38 43
14 4
4 13
37 40
7 41
43 45
48 20
28 49
19 28
40 22
35 48
21 5
12 30
13 36
34 46
34 17
4 11
26 42
16 32
42 40
17 40
9 10
40 39
17 33
23 45
24 23
26 41
48 28
29 38
42 24
48 19
43 34
37 42
22 2
14 22
26 2
19 19
23 17
7 5
45 6
1 23
20 28
9 34
21 31
18 26
18 37
14 34
32 38
27 18
27 29
20 12
31 36
8 43
16 25
19 39
40 3
5 17
25 2
23 23
17 23
10 17
8 2
29 43
4 6
2 21
18 2
25 49
30 46
8 22
29 25
46 32
47 37
11 16
25 37
6 37
7 27
19 26
42 39
6 36
41 35
41 27
7 21
8 5
26 47
19 15
15 19
19 40
18 26
13 3
29 43
5 22
38 23
21 42
17 15
18 44
42 42
9 35
29 25
39 26
49 37
38 12
9 19
44 10
22 17
29 5
10 37
2 42
42 18
14 8
14 5
6 12
20 25
43 6
50 9
25 30
26 30
11 17
43 17
38 17
45 22
10 8
18 11
9 32
28 34
38 15
36 38
27 47
15 29
40 48
49 2
36 12
25 34
34 38
48 39
48 37
35 40
35 38
36 2
50 23
12 26
11 28
1 28
26 17
4 15
15 45
13 10
23 29
14 4
8 47
47 12
32 7
49 28
49 19
24 18
30 47
2 14
10 11
5 32
37 1
38 43
3 13
24 5
47 21
26 45
46 25
14 13
28 50
32 21
23 14
24 23
48 38
6 15
17 8
12 20
21 14
43 42
42 40
38 5
26 33
6 1
40 47
10 43
38 32
2 28
29 21
46 43
10 18
6 47
45 2
9 20
16 21
6 33
10 33
9 6
21 45
42 30
23 15
27 22
33 45
42 37
4 3
35 24
41 5
2 49
28 30
39 48
21 28
32 23
19 14
23 19
40 25
9 24
15 29
28 50
25 36
8 27
23 31
35 30
26 3
40 41
27 24
41 33
40 33
31 9
6 17
33 34
6 29
47 40
28 13
6 29
46 16
10 12
33 47
20 31
15 14
43 3
27 38
9 19
25 17
17 6
40 8
38 47
37 50
2 45
18 30
25 18
26 4
33 21
35 25
18 50
19 30
49 40
22 2
4 28
10 7
16 28
28 46
2 27
32 12
20 6
28 45
41 15
43 35
30 39
19 33
12 6
15 5
14 32
43 10
9 37
25 39
50 35
14 22
26 14
25 14
10 21
42 38
11 3
23 2
31 31
29 2
3 25
47 12
25 26
45 28
42 40
42 4
7 27
12 36
33 4
10 26
25 25
32 1
22 28
30 22
46 4
29 23
45 32
41 31
37 18
18 14
35 20
38 26
43 32
26 4
37 46
47 41
8 18
12 8
19 29
23 42
33 47
28 13
30 29
13 9
48 4
49 16
7 23
2 21
27 33
36 25
6 21
20 42
15 4
5 22
21 41
15 18
5 27
17 27
1 45
5 49
33 18
22 45
30 45
19 14
27 26
21 36
15 28
17 5
8 37
7 33
43 18
38 29
28 43
20 45
15 5
3 16
13 27
46 13
28 29
18 15
8 27
18 49
4 31
14 18
1 46
8 22
22 7
31 40
31 28
47 18
30 26
45 14
1 49
23 37
10 8
17 25
37 6
14 48
2 8
8 16
11 40
3 4
7 41
38 38
45 20
9 29
37 6
38 3
42 9
17 36
11 18
5 5
47 49
27 1
44 20
46 32
2 10
12 9
34 25
35 19
39 5
34 25
43 12
38 6
40 43
27 46
32 27
4 44
17 2
43 36
11 34
23 47
12 46
46 19
45 18
48 10
47 25
47 38
43 46
15 26
20 19
36 31
35 14
40 9
43 18
6 7
21 17
12 23
24 5
31 15
18 43
6 22
11 26
25 20
9 8
21 25
37 27
37 17
8 5
14 25
19 22
36 28
28 4
18 46
35 9
17 43
25 19
22 26
8 14
49 46
27 32
23 17
47 42
3 1
7 25
10 47
12 27
27 37
34 25
446
15 25
44 29
49 10
28 16
23 29
39 7
21 25
38 24
35 9
2 28
31 11
2 46
43 14
34 43
9 8
45 12
27 11
45 43
41 23
29 43
42 28
7 2
46 17
25 38
35 24
17 48
27 48
24 35
23 42
36 13
28 25
16 23
30 11
6 49
15 39
32 47
38 50
4 38
35 27
25 41
37 19
29 17
3 42
48 44
44 2
45 47
9 24
27 14
9 22
36 23
45 47
43 26
33 29
41 32
10 13
31 33
42 10
4 20
45 30
37 3
48 6
19 31
15 38
1 43
23 19
26 23
9 48
23 32
1 33
21 39
24 19
8 28
41 1
42 23
27 46
18 29
3 20
35 24
21 11
36 36
49 18
24 24
48 4
17 27
33 42
13 23
25 48
18 49
24 36
9 36
35 33
28 21
27 17
46 40
26 15
17 12
38 12
12 50
36 6
2 47
8 7
28 45
24 8
40 50
17 3
19 40
50 48
25 9
10 42
12 11
1 8
13 31
35 33
43 49
8 35
46 38
4 15
27 31
14 17
18 8
4 19
49 46
29 39
22 33
12 47
14 28
47 31
35 5
37 2
31 15
10 45
38 18
2 9
3 23
18 37
38 13
8 4
17 20
33 33
23 39
47 3
48 7
5 22
19 11
33 47
17 47
2 31
44 45
19 23
16 26
26 38
21 24
32 3
14 6
37 22
43 26
24 35
49 34
8 43
29 50
27 23
45 41
34 50
30 4
13 27
38 5
10 5
32 17
44 12
6 4
50 1
13 46
33 15
35 8
20 6
38 19
39 34
33 37
30 34
42 34
22 50
45 48
18 35
12 40
31 6
35 19
42 26
22 33
15 18
19 24
46 2
46 28
49 46
39 38
50 45
25 10
32 44
8 21
11 33
1 15
2 30
18 9
33 5
20 14
23 25
16 46
45 18
34 33
34 15
36 35
47 35
4 33
28 47
9 5
30 36
31 40
23 5
11 43
19 36
46 19
20 19
46 26
14 27
46 34
33 18
44 21
45 49
13 17
29 31
38 46
49 31
47 24
14 29
31 1
27 10
13 14
33 35
27 38
38 37
3 16
46 23
37 38
46 8
20 25
17 37
41 22
5 18
37 44
30 16
3 1
37 30
47 37
47 14
2 10
14 47
39 18
47 13
15 27
12 25
4 24
48 4
5 16
24 49
11 45
15 27
26 39
41 43
44 32
47 46
36 11
34 12
30 34
34 25
13 17
48 11
11 13
50 46
47 4
32 44
8 10
1 12
36 20
21 44
36 15
37 46
5 41
28 49
4 48
10 18
39 49
38 50
7 38
17 7
8 38
13 8
50 13
11 11
3 44
41 36
22 23
29 15
19 3
43 40
6 47
9 41
13 47
46 27
4 21
47 38
3 47
18 7
22 19
14 12
38 44
35 49
40 24
13 21
21 47
8 42
24 4
28 37
49 13
14 13
9 30
17 4
47 2
10 42
29 15
13 37
7 26
4 30
48 14
44 30
12 13
21 39
20 46
37 11
46 19
28 9
5 5
7 34
6 28
12 24
24 41
11 32
8 14
49 25
39 24
34 38
23 35
43 37
5 22
40 25
25 11
37 9
30 39
37 30
33 20
40 21
15 49
6 28
16 36
50 9
25 44
18 38
5 41
23 12
47 2
28 31
39 32
43 47
42 48
19 13
12 13
43 33
38 24
15 47
31 5
42 15
40 36
36 33
10 30
31 22
22 1
24 18
15 38
30 17
6 20
11 8
17 17
30 4
23 14
33 9
19 17
50 38
47 21
38 8
25 46
33 28
38 18
38 3
31 8
26 33
17 46
24 37
26 20
11 45
7 14
44 4
18 21
47 42
21 34
49 43
23 36
20 8
15 7
33 28
14 37
15 2
24 29
34 27
5 6
4 31
45 27
7 45
25 17
46 2
11 37
50 35
19 45
11 45
20 1
1 11
46 45
8 30
2 35
35 10
30 40
11 30
47 46
24 50
40 29
48 38
11 15
18 35
38 3
439
39 26
24 3
33 40
43 40
24 43
33 34
42 37
18 3
32 48
22 13
42 48
26 19
2 48
26 4
11 31
12 5
31 10
13 48
22 46
28 2
36 42
45 28
45 37
13 29
40 40
48 9
24 34
28 25
39 2
3 2
6 20
32 39
11 11
22 49
34 47
23 1
18 44
31 3
6 24
14 47
30 10
12 16
1 46
48 28
12 11
10 20
4 3
22 11
47 45
47 10
28 32
24 1
16 32
12 14
44 8
24 33
40 19
49 17
44 27
19 41
23 1
1 28
8 1
31 19
50 33
19 31
38 22
49 43
27 40
23 15
47 22
25 18
20 49
36 18
46 5
46 44
8 2
45 17
8 43
11 14
39 22
13 29
49 24
19 6
10 45
29 28
49 21
11 38
45 22
31 2
38 27
9 47
29 39
2 17
8 10
36 46
19 50
28 29
15 46
50 30
2 39
28 32
4 9
36 24
18 34
45 22
1 5
29 40
33 47
34 23
30 49
5 49
4 31
18 24
39 48
35 18
45 11
28 2
49 20
48 22
26 25
46 43
40 11
20 17
2 23
46 5
5 35
46 20
12 20
24 29
29 39
43 28
4 49
19 20
18 6
9 8
34 29
48 40
38 21
34 34
34 24
26 9
42 31
17 28
42 44
16 34
25 5
49 35
50 11
11 34
3 5
35 3
16 42
23 26
12 40
6 50
34 12
4 32
27 6
25 24
20 19
50 27
5 3
1 49
28 46
28 10
43 25
41 34
34 6
48 42
21 8
10 9
31 5
47 14
35 46
46 6
42 18
12 14
3 1
20 34
36 42
30 42
10 49
24 20
24 46
34 26
37 4
30 18
12 20
19 11
10 45
14 23
3 18
10 47
9 46
40 30
22 30
25 38
1 5
6 3
3 35
45 42
35 25
47 9
17 13
4 38
50 42
48 49
41 22
4 1
14 20
30 29
8 38
8 28
25 8
43 11
11 45
45 28
48 21
23 41
10 4
46 35
9 18
2 30
1 3
13 13
3 6
29 49
8 4
26 17
17 1
47 1
46 19
48 36
17 44
42 39
14 30
49 29
32 48
1 30
4 28
30 1
36 12
3 24
31 37
25 2
47 1
49 31
46 3
30 50
1 19
18 47
29 40
39 21
12 18
19 3
24 42
31 50
35 19
3 36
3 26
10 34
37 35
28 36
18 14
47 1
3 24
20 13
17 26
19 14
43 20
27 33
22 1
29 31
29 31
12 9
28 1
41 48
9 47
43 4
41 45
39 10
36 41
1 49
14 23
21 34
21 40
1 28
11 17
21 43
40 5
26 45
2 10
1 29
23 12
17 32
20 43
3 22
14 36
40 37
8 43
31 23
32 32
22 39
31 24
49 45
31 41
35 8
44 11
45 4
17 19
29 45
3 5
30 10
37 36
29 48
50 6
40 23
1 22
13 31
26 34
27 27
4 32
48 1
25 25
6 43
6 9
21 2
34 12
5 38
22 3
34 41
46 13
15 28
23 26
30 19
6 39
40 50
18 25
49 16
14 35
6 14
22 35
8 20
10 18
20 4
23 6
49 3
28 31
14 25
32 4
22 25
6 9
1 3
41 14
19 41
41 25
5 31
9 30
28 16
32 44
25 16
35 12
32 27
34 22
14 31
21 34
43 26
24 23
12 34
20 40
22 19
28 12
19 21
14 28
25 49
1 12
40 8
3 4
16 17
38 36
44 3
31 8
5 25
42 23
50 21
20 50
11 47
3 50
40 28
43 49
31 17
13 46
49 46
38 12
11 34
43 14
18 49
20 10
43 30
25 43
31 12
38 30
21 29
5 29
10 23
50 31
5 50
20 6
26 24
1 14
23 48
49 47
11 8
37 10
5 11
9 22
34 43
43 45
9 26
39 43
40 15
49 38
42 18
2 49
18 21
34 31
6 12
34 13
44 18
18 12
47 20
27 40
5 36
46 1
2 46
47 6
17 47
20 8
365
24 43
1 4
18 10
20 48
1 12
41 19
21 30
30 16
30 12
40 49
35 35
46 13
23 26
49 4
30 24
37 31
29 12
17 17
37 25
4 24
16 49
17 1
25 30
34 10
4 46
36 23
2 46
22 10
7 4
15 35
6 44
4 16
39 10
31 40
14 30
16 40
4 17
6 1
12 22
4 34
45 9
24 42
25 50
44 40
11 12
28 33
2 6
28 18
35 6
16 45
8 12
14 23
40 15
46 43
30 16
32 3
49 36
26 27
43 30
39 31
45 43
19 31
28 40
12 40
25 27
9 4
46 12
12 49
6 48
40 4
11 38
44 41
37 21
43 14
39 35
20 5
38 15
9 44
4 15
49 21
23 49
23 43
13 10
5 35
12 49
40 1
33 2
13 5
15 40
14 40
50 31
17 35
42 2
27 31
22 18
43 33
35 20
48 21
34 49
6 38
40 28
36 19
15 19
50 32
40 23
49 35
49 15
35 37
43 26
34 35
10 8
33 6
2 14
7 41
6 39
34 5
23 10
24 12
14 28
7 47
50 42
27 27
33 15
50 15
21 2
2 23
28 23
31 9
49 46
40 40
19 35
13 12
24 15
35 24
49 40
13 20
2 10
15 43
49 43
1 23
6 18
34 23
10 26
23 36
24 9
32 21
15 28
43 20
13 18
12 29
10 42
41 37
42 36
42 45
46 47
2 2
32 7
48 35
4 13
44 20
45 19
28 44
6 14
40 13
15 20
42 18
11 27
5 28
20 49
31 20
26 35
47 2
39 24
44 33
32 34
18 24
43 5
23 35
31 34
20 12
46 19
27 6
24 3
16 2
35 25
6 17
38 9
33 39
18 39
8 24
21 22
3 20
49 24
33 38
12 36
10 40
13 10
35 45
14 6
40 23
22 7
27 10
3 48
11 15
27 11
20 29
7 50
26 34
31 13
41 28
15 14
26 43
38 2
40 31
18 37
1 10
14 1
40 46
17 6
24 26
49 26
5 23
38 26
2 41
33 35
9 6
38 11
23 32
2 50
21 38
12 27
39 13
49 35
6 49
2 28
48 21
3 50
40 46
15 2
23 36
20 2
17 3
23 7
16 41
42 11
47 20
25 6
19 32
30 14
41 42
6 47
27 22
34 32
3 10
26 44
19 34
43 37
35 38
22 15
35 47
45 40
14 33
3 15
37 29
16 48
43 39
37 34
28 17
4 45
34 38
14 40
20 9
10 31
36 6
15 26
42 17
24 43
48 43
31 12
10 27
9 31
35 3
15 4
38 8
15 38
12 12
35 4
27 17
45 49
36 4
20 48
10 24
43 30
35 35
21 31
27 21
31 16
30 25
14 32
20 24
19 13
5 6
2 1
26 43
21 33
35 27
36 16
23 18
31 48
28 19
18 25
29 21
33 31
10 49
1 42
21 3
6 46
23 14
12 39
12 28
2 14
21 33
48 2
35 11
14 20
26 35
24 30
29 21
23 40
35 23
38 6
37 40
32 14
10 14
15 27
47 23
48 15
26 49
27 34
30 27
45 41
12 22
31 36
18 23
47 37
12 42
34 35
9 7
10 45
6 49
40 33
10 14
21 16
35 2
19 26
40 37
17 21
46 15
31 27
33 33
49 6
43 12
27 45
41 34
36 30
652
37 30
27 44
49 19
20 38
20 28
38 37
12 32
34 12
8 39
9 12
32 21
29 5
12 31
29 48
49 28
45 38
46 21
44 50
13 43
1 1
32 21
43 37
6 14
36 33
2 29
26 23
34 17
36 27
38 48
1 39
46 28
36 11
1 27
2 15
13 21
29 23
32 5
1 30
12 38
43 16
6 36
21 30
24 35
7 46
11 42
50 1
46 24
46 17
28 23
31 19
5 6
47 3
47 35
15 35
39 9
30 44
9 49
28 33
35 43
45 36
23 9
13 29
23 15
2 29
12 6
30 49
32 7
42 44
35 48
8 30
42 12
2 46
33 26
46 6
17 15
41 10
41 11
29 28
5 46
10 29
50 17
29 46
28 22
11 12
26 14
27 14
41 27
26 7
14 41
6 50
28 18
6 22
41 28
48 2
16 25
5 33
10 32
9 6
21 31
30 13
17 13
40 17
15 42
17 3
28 10
46 30
12 8
30 23
48 18
37 6
30 12
29 43
31 46
47 18
43 39
45 5
38 30
24 29
43 20
18 39
13 27
3 20
15 40
19 25
22 39
8 47
11 6
49 26
39 39
18 9
8 38
30 39
38 21
43 49
32 1
36 21
28 46
1 23
47 43
23 34
47 32
30 7
2 25
1 36
29 3
38 29
22 35
6 48
8 13
9 21
49 5
41 11
44 27
29 12
9 6
38 7
39 10
46 1
17 33
44 9
35 18
29 35
21 30
10 47
47 39
12 15
40 42
49 30
38 35
33 9
2 36
7 29
49 23
14 2
20 7
20 6
50 34
47 38
44 47
33 9
31 22
9 25
9 8
4 28
7 8
12 34
32 28
19 9
36 45
44 27
25 8
3 7
29 6
48 44
29 24
21 44
27 42
30 42
46 38
26 21
19 41
45 8
23 12
12 32
18 2
35 9
14 3
35 4
33 29
17 22
21 28
26 44
43 8
44 38
5 2
31 13
14 10
23 31
29 37
37 45
15 45
9 21
5 13
41 18
25 40
32 29
12 40
21 47
33 21
2 34
1 29
9 5
43 17
5 32
50 40
29 7
16 1
2 49
9 34
5 13
50 3
23 21
19 31
6 1
31 25
36 3
7 2
27 9
34 1
43 22
38 35
22 25
27 43
17 20
39 32
6 33
16 1
8 35
49 35
28 9
7 38
24 17
1 29
5 31
43 22
14 26
14 44
1 45
24 37
13 36
17 12
35 40
41 50
19 14
8 50
20 9
17 22
22 18
10 41
6 11
4 40
42 1
21 17
13 27
17 19
45 2
46 28
46 42
28 5
3 37
22 38
45 13
39 35
35 15
47 22
1 32
40 50
11 31
3 29
1 39
6 47
27 29
29 25
19 12
25 15
50 9
3 37
27 30
21 41
25 8
28 49
14 48
46 6
24 10
46 43
2 13
17 2
9 6
40 11
17 14
30 19
36 24
7 22
25 47
26 21
49 45
33 28
26 27
32 8
4 2
24 46
13 49
39 36
13 20
6 9
48 25
19 34
29 49
16 17
34 41
35 37
48 46
47 4
29 1
28 27
32 2
6 17
30 11
21 40
24 27
24 16
37 24
25 1
36 47
22 38
4 1
9 6
32 41
20 49
22 9
2 45
31 41
38 14
35 33
30 31
41 22
32 19
31 34
30 9
38 41
39 4
2 13
28 40
48 21
33 7
1 12
8 23
13 18
45 4
24 16
46 22
4 13
6 45
6 15
22 20
30 20
28 49
49 2
31 20
27 30
16 38
2 46
38 1
35 1
45 49
15 32
36 50
7 1
2 32
22 33
41 31
23 18
13 5
13 34
29 20
31 37
36 3
5 40
35 13
24 24
7 36
6 19
4 2
13 48
13 50
48 28
11 17
41 33
50 25
40 6
11 29
4 21
22 4
8 45
37 45
21 6
26 26
18 48
5 14
12 30
40 29
36 43
48 18
38 32
30 2
15 48
47 32
16 9
5 21
32 28
16 30
34 22
19 30
13 28
14 26
11 19
29 32
45 42
1 3
22 19
33 17
17 14
27 30
10 2
32 14
4 13
10 24
13 25
47 41
33 35
37 10
39 36
23 26
31 2
31 4
12 45
34 13
1 6
39 13
19 45
21 34
9 16
39 1
34 31
34 44
41 10
18 24
17 4
38 45
33 7
42 4
26 18
7 8
42 18
18 26
20 10
42 41
10 6
39 23
49 38
11 45
14 47
12 1
36 6
20 27
21 30
6 10
49 17
44 26
17 20
28 3
28 18
15 13
3 16
12 8
21 24
10 10
4 12
5 40
24 30
18 24
13 16
38 7
20 48
23 13
45 8
13 8
11 30
3 47
45 47
2 49
38 12
18 38
34 34
5 16
44 37
18 19
41 6
17 49
16 12
40 47
27 35
44 29
2 2
10 24
13 10
4 8
50 43
25 12
40 8
8 18
3 27
8 27
12 5
28 2
29 5
32 11
21 3
29 5
32 29
25 42
30 45
44 45
27 26
3 17
32 32
30 46
42 30
18 50
26 4
8 17
10 32
3 11
30 17
1 32
5 43
50 26
18 27
7 1
6 31
6 24
27 22
37 3
44 10
34 45
34 39
11 26
36 30
25 12
29 6
40 32
26 46
6 36
49 9
9 39
8 5
6 28
24 46
3 38
18 1
45 26
29 33
20 33
10 44
1 18
30 29
22 46
45 5
30 38
35 26
4 35
8 13
27 24
18 44
7 22
25 23
27 13
37 28
30 36
8 20
46 31
19 41
1 8
1 30
10 36
26 30
22 26
42 46
26 31
1 26
25 50
2 5
45 25
26 22
7 36
21 5
9 11
9 7
26 4
48 19
22 43
45 24
16 41
22 2
30 29
2 16
17 38
18 11
9 32
32 44
35 29
45 16
40 29
38 29
26 19
12 7
43 26
31 17
5 4
19 36
24 5
37 34
643
17 5
16 22
46 4
9 10
42 29
46 12
9 10
45 1
50 12
7 37
49 2
50 41
16 12
17 5
9 45
26 48
6 22
1 4
20 44
6 18
14 10
27 24
27 15
18 7
20 18
12 36
45 42
30 4
18 14
31 24
21 26
15 40
46 45
11 5
8 39
29 27
40 26
20 13
10 40
47 15
40 12
34 49
45 32
10 13
9 20
31 35
15 42
41 39
20 11
23 7
12 50
38 23
17 4
2 45
28 11
25 37
33 34
24 33
5 43
39 17
16 22
49 40
33 35
32 9
2 9
25 38
26 26
38 29
35 46
7 33
24 32
19 7
2 1
14 35
24 31
46 10
1 41
38 34
6 7
40 32
20 36
11 27
2 47
9 47
23 43
39 33
36 48
16 50
34 16
26 35
36 41
42 6
15 12
27 27
4 9
9 24
36 35
9 49
23 41
7 16
29 41
43 3
9 21
15 46
50 17
2 30
22 48
47 26
49 7
32 3
38 14
6 8
35 9
12 47
18 44
26 38
24 12
6 35
19 43
10 46
13 9
34 27
3 20
44 30
33 36
30 39
29 21
10 16
41 46
49 2
16 30
27 17
28 50
5 25
49 23
13 32
23 28
22 16
15 8
27 21
49 46
18 11
45 6
34 10
25 31
7 26
13 20
7 1
40 19
4 46
22 35
15 2
4 22
16 18
3 32
15 36
50 32
22 27
38 46
44 37
7 37
32 14
4 8
16 36
24 45
10 27
5 49
9 30
10 2
38 32
14 16
14 41
32 38
21 47
44 37
24 14
40 48
28 47
15 34
41 11
10 41
8 17
24 3
14 30
30 3
29 26
36 3
16 27
16 17
8 46
20 28
35 14
9 8
37 22
5 25
21 4
32 37
2 18
25 20
6 9
46 40
12 43
21 49
50 8
50 24
14 16
19 18
43 24
29 29
32 35
12 50
17 46
41 28
41 49
11 17
43 46
12 9
9 38
32 34
45 33
10 13
30 28
31 41
22 46
46 42
35 28
4 37
3 6
37 32
10 8
5 28
20 9
4 37
15 38
3 39
35 49
47 42
8 10
3 15
30 12
41 25
24 26
43 24
36 2
22 10
25 1
37 19
46 44
29 12
45 9
41 12
7 24
4 30
24 11
35 5
10 13
18 9
14 5
2 9
22 49
21 41
30 16
42 7
16 5
12 25
7 36
8 2
1 35
24 32
35 43
41 22
7 34
42 32
47 18
4 11
48 17
43 16
4 4
28 25
31 15
43 15
22 45
14 6
40 50
15 30
37 23
7 11
22 16
43 48
21 15
13 32
44 9
10 13
7 37
49 23
49 49
5 15
17 14
17 35
45 43
14 45
34 12
10 46
1 2
47 27
4 40
5 6
31 14
18 41
41 29
49 31
1 24
2 25
33 7
25 49
22 46
9 44
30 29
44 2
13 22
41 28
20 36
12 11
4 49
37 32
22 45
1 42
1 31
31 41
40 15
10 7
15 2
24 49
29 41
11 23
44 31
44 15
10 19
26 16
44 40
41 27
16 6
50 20
7 34
8 7
10 44
35 10
24 26
12 34
14 35
35 34
34 5
35 29
49 5
12 24
27 25
23 10
50 10
37 14
11 33
25 35
28 44
2 24
48 12
24 20
1 1
14 14
49 4
39 16
29 49
18 4
12 14
14 8
37 50
48 39
47 11
22 30
35 44
32 8
45 10
12 47
8 5
18 20
11 48
38 22
6 12
23 10
12 10
37 2
28 27
26 24
43 1
3 3
5 29
12 36
40 27
37 23
4 12
28 40
39 18
35 9
46 43
22 30
13 2
20 31
9 8
1 18
2 38
28 35
44 35
2 46
9 14
8 2
25 18
41 10
29 47
42 8
50 15
13 21
35 2
28 19
22 43
23 49
5 11
18 41
35 28
46 36
46 43
15 8
48 28
50 20
36 4
32 27
1 29
30 18
43 50
38 44
22 45
28 2
46 1
49 28
6 24
45 14
50 40
20 41
35 37
47 22
48 9
40 28
9 37
8 43
22 42
33 26
32 3
32 47
41 42
7 34
24 29
26 22
13 21
32 49
2 11
27 35
46 39
36 14
46 7
8 7
41 40
32 4
4 10
10 49
9 5
18 22
18 6
34 17
2 11
36 15
43 22
18 2
32 21
45 32
2 48
2 10
5 46
39 27
13 2
42 30
16 21
8 12
50 12
14 32
39 14
28 50
36 46
12 46
25 29
13 36
15 1
19 24
36 14
27 18
11 25
41 39
48 13
37 30
44 29
9 8
5 28
39 31
23 33
2 25
31 41
3 40
28 20
46 9
24 4
33 41
11 13
21 50
3 32
49 12
2 42
33 20
27 24
27 42
25 1
45 33
36 32
6 8
40 35
13 18
14 9
35 44
5 44
11 2
14 31
24 24
1 10
34 16
46 17
29 39
36 4
28 44
46 2
41 24
17 22
11 22
15 9
11 33
32 2
24 16
41 43
48 5
5 18
32 45
24 46
1 5
22 44
8 45
2 48
40 39
48 34
34 48
8 3
11 8
48 16
18 34
43 41
32 15
27 6
22 32
39 47
26 47
21 15
31 24
48 48
46 15
17 1
42 45
5 38
33 50
30 9
8 6
46 34
24 25
18 3
44 25
10 6
42 7
14 11
11 18
34 50
16 36
25 12
44 36
34 23
23 50
27 46
49 5
11 9
49 1
3 24
16 22
2 8
47 33
26 22
17 23
16 45
35 20
28 13
9 43
46 5
37 50
43 17
9 22
34 13
6 21
17 41
50 16
41 1
30 4
50 41
42 28
33 22
8 38
27 26
26 23
12 9
11 11
47 9
9 11
29 8
9 46
8 35
41 50
30 7
6 24
12 40
39 14
45 28
47 13
20 6
46 13
584
5 15
25 48
30 24
24 23
49 32
1 7
41 37
27 2
6 43
33 43
31 27
25 49
29 21
16 34
14 32
43 18
18 26
16 42
39 33
31 41
41 21
14 23
47 48
22 37
38 9
28 42
11 50
21 45
2 44
28 37
45 3
26 11
21 41
35 16
31 48
11 37
37 45
24 49
46 4
25 4
37 34
20 26
24 30
9 29
13 17
44 34
41 39
33 4
4 5
48 50
16 32
11 42
25 30
20 40
48 49
8 3
15 7
14 18
46 33
32 50
34 5
30 43
18 30
38 27
14 6
34 3
3 31
27 37
38 5
20 17
29 42
50 20
3 36
41 14
45 31
29 8
24 12
29 26
29 21
14 23
47 9
40 43
7 15
41 43
22 7
37 43
24 14
6 31
43 4
26 14
32 11
11 34
16 37
16 19
21 11
23 46
2 35
31 13
9 20
18 12
40 32
34 46
40 20
24 22
23 39
7 17
14 10
33 24
6 35
1 30
4 46
10 18
42 37
37 46
11 9
46 3
36 37
34 6
18 50
26 12
16 7
24 45
6 1
36 19
48 38
9 31
13 29
20 13
15 46
39 31
49 29
50 24
10 23
33 41
48 44
4 38
2 17
34 19
31 46
14 16
36 47
18 25
29 14
38 27
44 5
26 31
19 18
49 28
6 40
5 20
49 46
34 22
40 49
19 27
13 27
35 27
26 7
23 30
15 3
11 26
43 35
31 2
27 43
30 38
9 15
30 14
30 35
22 26
41 39
49 40
12 6
49 35
32 48
18 22
29 1
45 14
14 16
18 33
27 40
1 18
35 45
49 10
2 32
17 41
20 20
4 7
46 1
1 18
9 38
25 37
49 16
25 37
22 29
28 50
50 20
28 20
42 49
39 6
44 30
14 27
45 16
6 30
46 2
8 38
4 14
42 9
18 21
29 32
23 32
48 11
39 8
38 23
26 36
12 26
40 37
22 23
17 35
20 20
2 20
13 41
21 49
19 35
50 45
19 31
8 13
8 18
23 44
12 48
25 28
14 10
37 38
21 41
17 31
38 29
32 29
30 2
30 16
15 8
46 12
23 48
36 21
10 21
44 24
41 20
30 26
29 44
41 9
31 19
25 33
18 32
26 8
20 18
24 39
33 32
35 1
6 29
11 45
32 9
44 20
43 37
40 28
10 14
44 47
11 21
3 44
48 21
8 36
38 33
36 45
27 27
8 1
16 33
37 37
3 41
27 34
17 13
50 19
10 50
22 1
13 47
35 50
23 31
50 45
49 40
33 31
15 32
37 38
48 26
11 24
49 24
24 23
20 7
45 19
50 10
16 38
45 47
42 40
41 3
20 20
26 46
27 41
49 48
33 31
9 48
13 41
44 50
11 24
41 30
29 31
24 26
1 7
50 29
10 47
46 22
46 22
20 49
12 29
27 46
20 36
5 50
27 13
20 11
5 8
18 33
43 26
32 25
40 11
7 46
44 1
34 50
31 46
16 18
26 12
3 14
27 9
33 18
17 22
1 3
45 24
50 33
11 15
39 21
31 30
48 36
18 29
24 29
47 18
48 1
16 12
43 45
13 24
45 44
9 15
17 48
3 20
8 46
12 39
37 6
37 15
47 35
20 13
37 25
37 35
34 16
44 1
39 16
25 50
16 39
7 28
41 40
1 8
12 29
14 23
8 50
43 37
9 20
47 25
21 22
36 25
37 40
14 41
21 24
32 45
34 13
22 30
37 8
47 16
35 46
11 38
20 25
39 49
1 41
25 36
28 38
50 41
38 25
19 15
38 50
8 34
13 39
45 30
33 25
48 21
48 45
20 40
40 21
47 20
3 19
1 44
32 11
47 27
37 11
39 2
48 25
37 23
30 6
2 25
38 16
24 47
40 11
44 39
19 36
46 8
30 13
8 12
29 25
45 37
24 49
7 41
35 1
50 4
7 9
30 20
45 24
26 37
41 38
32 47
50 2
38 8
31 31
46 6
46 4
34 9
21 46
16 30
22 34
2 3
29 39
22 44
49 24
21 15
29 19
50 24
1 50
18 20
30 2
30 5
25 15
19 27
5 41
18 2
33 50
38 48
34 49
9 38
4 27
46 14
20 5
31 17
18 49
39 16
32 20
25 10
14 37
12 48
46 3
15 22
32 42
37 4
5 7
39 49
35 34
23 27
7 12
39 17
9 4
5 9
49 28
45 37
15 50
21 42
47 18
3 34
42 25
25 19
15 43
7 20
41 14
48 18
19 33
41 11
19 37
24 47
23 19
37 48
40 30
27 14
50 49
32 33
27 29
31 44
32 1
49 32
4 9
27 7
3 9
41 25
7 16
39 8
47 23
17 15
37 37
21 19
7 18
16 33
23 5
4 45
15 17
43 49
50 35
17 5
37 44
7 47
37 11
35 27
10 40
43 38
17 12
38 33
18 11
19 22
8 40
33 49
5 32
8 29
20 34
35 47
29 17
42 39
22 23
36 7
41 17
28 3
31 37
14 4
35 49
25 28
46 18
49 24
4 35
19 41
40 19
12 25
26 43
9 10
37 41
33 31
38 32
23 14
20 48
12 48
31 39
20 14
19 36
2 10
49 22
1 38
9 1
50 26
3 16
36 8
48 34
1 39
15 8
50
1 2
2 3
3 4
4 5
5 6
6 7
7 8
8 9
9 10
10 11
11 12
12 13
13 14
14 15
15 17
15 16
18 17
19 18
20 19
21 20
22 21
23 22
24 23
25 24
26 25
27 26
28 27
29 28
30 29
31 30
32 31
33 32
34 33
35 34
36 35
37 36
38 37
39 38
40 39
41 40
42 41
43 42
44 43
45 44
46 45
47 46
48 47
49 48
50 49
1 50
