5
100
88 36 86 3 23 84 55 76 93 8 67 46 86 42 21 49 38 52 51 74 64 85 94 88 21 15 72 26 65 86 87 94 90 50 5 52 86 34 22 73 80 91 93 59 74 79 69 16 50 19 43 82 56 87 16 76 90 13 48 11 63 14 6 36 58 77 96 45 67 45 43 49 22 8 54 8 90 91 29 15 65 58 25 42 42 79 16 18 59 69 16 7 37 68 83 27 38 47 25 20
42 41 7 43 42 13 32 17 12 12 43 68 23 56 54 83 70 8 75 20 17 87 17 4 58 57 61 79 78 59 80 32 56 42 79 40 94 58 64 88 29 6 83 49 90 50 99 30 53 28 40 54 94 2 31 38 73 35 45 43 88 93 17 8 35 48 28 38 39 87 72 21 89 90 65 60 70 63 19 96 77 17 20 87 28 64 45 75 97 43 11 16 70 53 57 5 40 28 56 93
100
96 84 30 84 18 95 38 68 23 94 25 41 44 18 34 42 45 39 85 9 40 32 81 60 47 87 84 59 92 65 45 10 35 87 14 82 44 85 58 91 75 87 29 75 23 43 72 40 10 51 4 77 67 26 97 70 13 12 27 89 27 57 53 60 49 35 66 30 13 17 25 52 91 13 7 54 81 37 97 40 82 8 44 13 10 56 48 91 28 97 67 5 70 56 40 95 71 90 34 39
14 47 86 23 81 9 38 26 16 52 53 70 72 46 38 50 96 9 46 87 5 32 95 15 86 61 11 36 93 56 60 9 39 46 97 91 87 62 18 19 15 49 29 97 19 14 31 48 56 29 20 72 58 31 49 79 71 84 45 34 91 83 91 92 83 22 74 95 39 3 17 83 57 29 10 83 61 48 3 57 12 28 27 51 96 6 5 53 65 11 15 26 63 33 65 61 70 99 55 29
100
79 88 71 50 42 40 40 65 81 67 78 56 75 36 41 42 7 96 57 7 6 40 50 11 6 25 66 63 24 48 22 61 41 99 85 18 63 12 2 31 25 85 43 45 98 32 51 73 74 27 62 85 62 16 39 82 89 70 13 87 3 26 99 67 61 28 45 96 21 40 68 10 96 75 22 100 14 67 12 30 18 35 68 29 2 73 84 84 30 89 96 58 5 99 100 83 54 68 70 4
92 32 58 59 96 25 28 17 75 69 79 43 84 10 8 54 9 56 48 31 32 100 93 52 77 81 59 9 24 76 50 38 74 79 32 30 100 10 89 91 98 16 92 42 91 69 74 11 41 22 49 68 27 85 84 88 43 20 2 46 3 87 62 53 87 21 53 70 15 74 52 77 38 98 30 13 82 90 68 13 56 41 88 100 54 47 48 13 96 16 5 52 18 47 36 83 61 41 43 54
100
43 12 24 4 58 2 79 92 59 79 77 65 20 18 19 52 16 6 52 80 20 15 5 44 52 49 41 43 96 88 82 23 41 78 71 100 43 43 51 48 20 48 77 64 42 77 2 37 7 57 92 48 35 37 22 38 59 7 5 17 76 9 98 55 22 61 47 61 17 93 62 30 25 64 10 19 43 27 34 28 72 68 82 54 74 53 66 87 37 83 55 57 9 21 57 22 15 4 84 53
72 72 42 70 77 14 45 84 78 85 96 88 42 73 5 5 86 80 94 64 78 9 57 46 32 79 34 57 94 21 7 21 29 68 25 54 95 63 72 36 85 46 42 99 35 21 93 99 65 88 92 69 81 67 74 32 86 39 16 16 31 34 68 70 31 91 74 10 18 86 34 70 64 8 43 38 86 56 44 24 39 70 29 83 31 20 68 81 87 89 92 59 2 67 73 74 31 2 80 3
100
49 84 40 69 35 17 9 61 77 31 50 91 54 43 9 54 29 3 8 86 41 75 17 15 83 78 96 65 47 12 57 77 36 74 12 34 11 79 95 30 81 85 63 90 83 58 63 42 85 94 13 51 52 4 76 32 90 84 33 67 49 33 45 50 69 79 2 41 88 66 80 47 32 36 14 5 64 81 86 46 19 50 49 30 57 48 3 27 78 17 58 10 6 99 50 74 52 73 18 34
29 56 84 31 88 13 99 83 13 57 83 3 74 78 69 23 28 9 41 8 91 7 47 12 45 69 55 95 17 36 68 61 91 64 2 5 64 68 53 12 46 99 82 4 31 8 70 63 52 3 39 75 31 2 98 77 28 66 48 57 35 41 47 41 44 12 49 8 97 59 60 21 37 59 18 90 36 76 50 4 92 100 59 19 67 67 6 55 35 45 27 93 53 78 96 70 60 99 80 6
