13
2
5 4
2 2 2 1 3
1 2 1 2
2
0 1

1
2
1 0
1

2
715 726
35 52 40 5 42 3 11 27 97 49 55 92 90 57 24 53 36 96 4 38 69 61 56 77 24 85 92 4 34 37 39 55 26 65 89 93 85 22 75 78 61 68 29 78 24 56 27 54 5 32 78 27 74 80 61 63 21 49 97 99 56 45 99 55 81 9 27 82 55 79 44 92 4 27 65 52 68 48 71 80 32 3 25 35 100 96 70 18 93 13 14 79 35 40 27 1 13 7 3 5 19 52 50 79 82 53 57 1 8 84 93 34 87 88 24 7 13 9 6 55 24 90 54 55 77 62 99 9 50 56 96 42 36 31 85 49 14 98 12 47 79 83 44 57 77 7 79 79 50 12 25 80 17 3 10 46 47 28 55 70 92 97 19 68 5 27 49 7 79 88 71 60 54 80 58 42 69 90 74 10 94 52 31 96 54 37 11 94 86 75 37 35 87 93 64 27 22 21 86 83 96 45 78 32 68 16 48 3 87 53 62 86 30 31 94 43 50 96 51 52 32 3 61 88 86 92 59 60 63 47 56 69 38 5 62 19 8 42 23 18 60 1 14 8 39 39 75 63 74 52 11 79 42 90 11 62 91 50 44 83 40 51 44 92 32 85 14 72 49 65 11 49 98 36 3 63 9 23 65 51 72 77 31 61 92 7 72 49 25 62 1 88 61 63 56 81 11 7 59 24 87 8 52 72 8 13 40 35 97 30 65 68 35 10 32 4 82 14 34 98 84 77 67 95 43 55 76 69 36 53 43 44 68 73 3 97 5 94 91 44 59 10 34 74 6 98 76 92 67 47 92 52 70 12 93 20 3 50 93 68 78 8 75 91 30 65 86 1 35 20 22 91 14 97 62 80 82 31 67 43 43 42 76 97 5 57 69 50 28 6 3 20 42 53 35 97 87 100 63 45 84 100 7 48 7 17 23 43 80 30 12 57 2 54 54 48 97 34 92 68 59 33 82 54 90 11 32 5 22 83 53 62 4 56 5 90 47 9 28 68 64 40 35 89 31 72 6 92 47 73 34 9 86 95 38 10 38 18 3 58 68 82 98 13 23 1 43 71 58 13 78 74 75 38 65 100 27 83 15 4 25 74 13 91 14 52 13 86 95 57 89 55 97 62 59 3 79 60 58 64 15 24 12 90 29 49 81 50 83 61 41 93 45 19 43 79 88 49 41 38 31 90 40 83 4 77 27 47 11 89 66 60 37 64 90 67 58 15 27 16 86 80 42 72 15 95 34 66 21 97 67 18 88 93 67 25 70 53 93 95 37 90 93 57 23 85 79 84 33 80 55 80 25 5 94 90 18 61 74 73 93 20 81 67 47 55 54 26 14 67 52 75 67 21 60 87 26 36 38 65 23 26 61 70 33 4 97 21 45 93 33 12 60 89 91 35 10 21 77 28 100 22 69 50 39 3 77 60 11 42 93 86 76 9 65 88 23 9 100 31 38 12 70 46 77 66 54 35 57 100 80 98 32 80 74 80 27 60 8 46 23 52 29 44 100 61 86 65 33 64 88 83 19 76 3 61 51 90 61 74 30 20 35 87 63 56 51 75 85 38 16 73 8 40 47 70 30 10 64 50 63 97 34 70 83 91 86 43 26 39 46 17 19 24 31
22 58 3 1 29 56 76 93 46 6 92 73 74 41 19 5 68 54 10 3 55 55 85 17 16 79 95 28 32 56 68 50 81 28 26 53 96 77 26 95 4 14 69 89 72 45 72 78 33 55 65 97 22 33 63 80 52 28 100 75 8 19 6 78 18 92 65 56 62 29 81 19 45 10 20 76 50 94 15 96 14 72 85 61 26 74 97 81 31 19 92 44 27 70 19 2 64 41 18 79 18 61 22 61 66 74 63 31 99 57 93 82 24 84 18 56 80 29 62 6 31 4 87 62 40 51 15 39 55 54 42 45 82 19 41 92 90 38 15 74 25 1 55 3 34 87 31 72 26 7 6 18 36 9 50 29 60 21 5 83 49 67 53 31 40 75 92 21 29 17 33 28 10 70 16 68 23 76 18 92 52 98 47 30 95 89 56 23 11 50 31 26 86 37 42 9 33 27 54 24 95 70 14 99 68 81 56 64 78 75 3 87 32 69 85 25 38 83 100 19 60 98 4 41 94 43 77 43 52 7 20 19 1 50 2 56 30 32 62 67 71 75 51 63 68 22 77 59 50 40 41 42 2 53 55 11 61 84 87 27 16 89 22 57 69 18 89 38 58 96 82 93 24 89 36 6 74 18 77 77 67 28 7 74 98 94 25 33 86 74 27 36 26 64 28 27 53 47 16 14 86 2 6 50 66 53 58 64 37 56 19 55 49 78 43 71 70 88 78 24 58 51 39 46 64 18 20 34 60 74 55 45 30 65 66 56 87 3 59 40 97 56 7 69 21 19 56 4 99 90 13 34 48 10 76 66 36 1 58 88 45 13 94 37 6 50 4 65 69 77 22 20 73 99 21 52 11 78 64 69 76 10 85 20 16 51 26 29 15 34 87 67 92 38 13 15 43 58 32 18 82 38 92 43 17 92 7 13 80 81 22 98 83 10 82 100 75 2 18 67 14 14 23 6 16 81 3 100 25 70 43 63 7 94 25 27 96 5 91 18 6 32 44 93 89 5 75 65 26 95 53 80 17 62 54 80 23 26 49 76 6 35 41 8 35 26 70 63 60 90 38 34 26 28 46 49 58 39 4 96 5 100 7 28 96 45 96 62 71 59 29 97 5 27 82 37 91 95 75 9 49 51 67 61 17 30 45 59 27 73 96 77 16 77 31 83 50 88 94 70 80 83 22 4 28 42 12 54 18 73 76 61 40 27 95 69 89 70 54 73 18 86 63 59 87 30 41 59 34 29 69 70 41 80 70 69 83 14 36 99 47 55 90 9 8 42 79 51 16 67 82 46 22 37 39 20 71 63 50 6 33 20 2 56 40 37 11 20 26 47 82 79 86 40 98 4 16 36 92 78 54 36 15 5 65 4 13 19 6 70 92 89 51 14 4 35 26 42 82 75 15 80 45 100 16 87 43 13 19 90 13 42 3 59 21 83 28 73 31 62 19 33 11 37 81 66 23 92 62 45 19 80 28 83 64 40 37 64 44 11 26 66 37 2 23 20 90 24 88 67 13 80 51 95 33 45 47 50 17 76 42 88 82 47 38 18 65 56 23 42 75 36 31 25 47 81 10 100 67 59 50 33 25 34 59 83 23 40 86 52 34 55 97 64 46 63 58 19 10 7 26 27 59 67 81 53
2
507 976
93 70 50 84 67 13 81 54 92 29 5 44 99 55 76 39 71 77 64 68 45 56 63 1 29 26 57 66 39 20 82 40 72 87 6 30 10 95 81 72 84 99 56 87 9 8 13 88 32 9 22 63 29 34 54 81 78 78 19 50 21 7 4 45 78 73 57 49 82 77 22 7 7 20 19 89 75 89 90 75 94 41 80 17 78 61 68 10 51 81 86 23 21 63 18 78 81 31 81 18 58 17 4 76 55 89 20 59 65 85 23 1 88 52 25 47 9 76 92 53 82 61 17 74 29 31 40 9 94 31 60 57 82 32 96 33 45 5 1 74 51 67 91 29 34 14 65 7 81 37 28 84 91 29 37 85 32 19 86 19 86 17 21 38 31 84 67 59 39 82 43 72 3 39 68 68 66 13 24 99 21 85 42 87 23 83 48 45 8 90 79 8 88 69 79 29 53 15 22 52 26 95 55 87 9 61 37 72 98 17 51 61 10 71 56 15 79 60 82 62 68 47 41 53 42 92 92 51 27 43 99 12 73 76 38 99 23 70 79 5 7 77 19 92 86 66 29 100 61 46 88 3 72 78 4 70 61 5 55 12 87 90 2 96 31 97 48 9 51 55 80 58 93 95 48 100 22 81 34 70 9 68 60 50 3 69 3 50 21 77 58 33 37 91 87 16 30 78 49 25 92 34 39 94 82 62 33 45 15 25 62 23 12 80 76 49 10 33 40 77 28 25 74 65 6 13 50 98 30 50 20 42 37 40 80 28 100 4 59 29 4 30 3 57 70 67 65 61 67 60 39 89 54 56 74 56 69 57 51 77 85 75 16 94 36 55 64 40 43 90 40 19 50 96 55 62 43 77 96 39 83 40 6 77 5 39 45 4 89 67 39 23 23 3 30 54 71 72 42 65 26 39 6 35 78 94 43 66 17 71 78 26 26 70 72 73 24 98 11 32 57 8 49 53 38 52 20 58 98 97 49 91 39 55 40 10 1 1 28 81 45 47 24 81 86 84 1 97 45 40 89 97 96 33 38 76 36 34 73 72 41 81 20 74 83 7 95 18 9 48 6 6 29 81 48 69 39 66 9 90 73 43 57 23 31 12 49 8 52 93 40 53 100 22 26 91 5 61 29 65 52 69 66 99 87 18 42
32 18 26 86 16 13 19 78 90 56 44 27 89 30 47 7 83 1 2 54 76 17 29 90 74 42 46 76 61 88 22 6 1 94 6 67 80 67 10 14 4 47 25 47 74 38 67 90 42 55 13 33 100 58 54 32 47 67 19 85 99 7 25 58 29 77 70 22 89 46 32 62 52 93 70 37 6 1 19 84 49 52 65 55 64 45 69 37 63 20 79 70 25 53 71 32 1 93 91 51 11 89 5 34 50 96 37 84 24 6 24 26 62 14 12 33 40 61 41 25 42 70 57 42 18 71 24 94 45 78 80 72 69 4 64 90 32 65 81 18 70 35 21 43 16 32 11 87 87 51 20 11 31 28 17 35 65 27 38 28 61 41 28 10 43 49 77 13 35 12 75 75 30 40 8 86 68 13 74 60 53 37 16 40 74 87 74 99 19 41 54 25 98 21 98 9 89 33 95 92 93 8 51 49 79 64 61 71 2 33 48 93 3 12 79 27 53 6 63 88 13 59 85 54 97 12 99 98 48 63 22 34 24 35 12 2 97 91 47 49 31 79 85 16 86 32 44 26 7 58 36 82 76 37 37 100 98 22 3 24 31 69 68 76 69 79 87 53 78 24 39 66 36 53 45 31 58 18 30 24 60 77 72 28 81 76 52 33 5 83 94 9 93 100 96 25 75 21 12 9 34 52 66 87 91 42 99 85 75 30 100 3 100 61 87 49 57 98 99 1 26 93 61 4 5 42 85 41 79 39 97 68 74 82 16 96 25 40 37 47 95 81 33 80 33 95 89 5 51 83 10 77 39 48 98 55 38 36 55 8 37 87 28 10 76 100 45 60 16 65 56 6 50 50 76 14 73 77 4 54 40 77 28 45 96 84 79 16 62 96 3 46 46 45 42 90 27 35 16 49 53 59 30 61 91 53 5 50 8 65 17 26 51 35 31 13 32 84 59 17 81 55 23 10 32 45 16 27 26 93 76 44 33 92 91 24 91 74 4 76 34 77 84 9 4 6 1 58 30 95 89 46 97 32 96 94 31 13 82 93 86 98 99 18 19 99 59 55 9 50 25 27 56 98 33 5 100 77 84 58 17 13 89 88 10 95 54 66 35 53 73 58 55 84 56 50 100 7 92 27 37 69 65 79 53 50 25 2 49 9 17 91 95 72 29 86 28 6 13 11 72 65 28 18 19 96 9 52 51 95 69 6 97 38 57 82 69 64 8 37 62 92 27 87 59 90 41 80 43 54 50 100 44 85 64 43 22 39 79 30 36 64 29 83 81 97 75 49 13 92 42 3 94 70 22 17 40 90 2 24 68 17 48 19 86 6 19 55 16 20 51 76 73 20 99 54 53 77 14 21 54 45 71 11 29 6 46 21 55 19 61 62 71 51 52 53 59 62 22 31 92 8 3 81 74 14 43 67 9 37 71 61 81 28 71 74 61 67 84 53 90 99 17 20 49 47 77 75 62 79 60 94 62 11 31 86 12 53 97 82 99 73 4 95 78 43 44 68 84 88 96 17 42 21 41 78 43 64 23 97 68 16 63 91 20 67 74 28 39 27 13 25 29 93 22 34 22 76 74 85 22 15 29 3 34 27 2 37 55 55 70 77 97 49 74 18 47 6 59 33 66 5 69 48 77 28 8 19 42 59 66 64 45 99 75 15 63 54 36 43 48 80 20 37 7 57 7 60 27 81 33 26 54 79 92 49 22 47 24 81 46 6 8 85 89 63 61 67 31 23 43 22 21 51 56 69 9 8 7 90 69 29 94 57 95 55 47 71 90 45 36 27 92 56 69 35 27 86 100 66 61 49 72 71 99 58 58 47 84 38 94 67 2 84 57 7 29 75 100 74 53 88 69 30 75 91 82 35 83 34 92 19 1 11 10 46 93 10 4 73 47 21 27 47 95 26 21 53 71 39 61 68 88 89 11 99 26 40 20 57 89 82 28 48 6 12 12 57 39 61 6 29 6 62 71 41 18 9 50 1 65 51 77 4 78 57 43 28 41 7 63 93 26 100 1 89 14 20 90 30 78 46 33 24 94 30 24 35 28 2 93 32 51 37 77 95 13 47 87 56 36 77 64 57 92 53 24 100 32 100 41 40 25 6 96 26 24 14 38 69 56 37 48 77 8 4 69 30 58 51 88 26 11 8 82 39 16 66 15 1 58 76 34 16 35 87 81 12 58 81 67 27 49 94 62 44
2
784 584
77 14 83 97 89 51 13 31 63 83 54 77 9 48 33 90 14 2 49 40 78 63 1 63 39 87 90 5 31 7 75 67 23 2 95 91 29 95 69 60 20 76 14 94 31 25 11 3 57 99 2 15 75 48 76 60 23 22 63 79 96 98 47 51 61 100 93 30 79 83 25 77 55 85 86 18 90 15 21 25 73 75 20 100 89 75 47 40 8 38 47 13 83 52 67 41 68 45 14 55 13 96 4 10 50 58 62 43 11 68 41 75 55 58 40 41 52 84 38 84 46 13 97 23 93 18 47 81 7 94 34 90 59 34 69 25 98 93 10 95 4 90 76 95 51 57 80 67 38 34 15 64 35 3 38 34 73 74 33 28 14 77 94 42 28 34 17 6 30 89 6 82 53 75 80 78 10 98 79 3 45 25 55 27 42 56 53 25 86 75 66 92 79 14 63 96 30 55 37 90 64 58 23 22 16 14 4 19 90 71 73 86 77 85 56 79 35 33 87 37 86 41 24 63 83 96 13 55 91 48 88 77 19 44 34 63 51 70 29 34 16 39 25 20 23 79 74 7 54 95 34 23 13 69 96 15 8 14 29 43 42 16 53 53 84 79 2 37 3 72 96 28 33 46 35 56 43 74 66 77 70 62 57 67 6 1 79 99 4 32 82 21 13 59 98 48 52 82 20 74 16 79 26 45 5 69 2 52 31 1 3 54 90 81 63 73 74 66 81 6 22 94 62 32 17 26 15 40 96 47 33 33 64 66 59 84 92 100 31 77 4 99 68 50 33 37 4 84 25 69 74 12 66 62 88 13 69 77 55 30 56 9 56 53 96 12 15 86 51 97 100 56 65 17 79 63 19 55 64 95 63 58 96 40 68 67 62 44 23 32 71 80 51 29 86 24 37 36 44 84 32 33 79 32 86 62 27 9 12 99 25 39 11 94 22 100 16 3 41 60 98 3 100 23 85 30 87 76 49 41 83 81 100 40 76 96 92 20 51 93 23 43 77 24 9 39 17 27 20 48 57 21 60 10 81 69 4 91 92 8 49 15 42 53 47 68 76 3 65 15 89 82 16 100 68 60 63 89 54 57 99 34 56 60 51 65 63 51 55 4 46 53 31 31 24 44 86 77 25 99 47 5 93 52 25 36 28 90 33 53 36 42 100 30 65 92 25 63 94 5 23 16 71 66 60 28 6 61 91 50 57 99 72 56 65 99 43 90 86 92 57 80 18 33 4 41 35 73 8 10 22 51 31 45 47 80 7 95 39 29 8 19 48 94 94 26 1 39 43 12 55 55 49 21 9 61 8 16 9 94 24 74 75 50 77 4 26 85 97 96 80 28 81 92 98 93 31 78 82 26 33 90 80 35 21 40 16 56 54 87 23 43 15 69 91 22 75 68 86 28 32 75 52 76 31 5 8 46 2 41 37 70 54 25 91 83 89 45 98 73 92 35 43 92 43 47 16 88 12 15 31 89 8 82 42 10 20 14 67 61 62 43 57 34 89 5 82 74 81 2 89 87 95 76 28 37 31 1 54 14 100 37 23 54 12 46 50 82 55 9 55 82 7 11 48 94 58 22 83 63 9 27 98 95 41 73 100 27 58 11 86 92 76 36 16 28 66 49 64 63 48 25 94 39 67 83 33 19 16 57 87 90 52 34 100 6 25 43 51 68 100 22 53 20 59 35 94 21 56 87 11 12 95 84 33 55 42 23 1 40 38 25 18 93 100 37 38 73 80 81 35 36 79 78 2 33 8 31 3 19 4 2 76 31
78 76 41 22 55 12 21 23 60 1 58 39 85 80 89 41 90 13 13 68 21 95 87 7 74 97 47 93 45 69 76 80 14 63 30 39 49 70 98 89 61 98 70 65 41 26 25 34 63 17 52 2 11 90 62 69 9 74 66 98 46 66 29 61 46 28 74 6 3 71 59 18 16 83 53 69 29 78 65 28 20 97 51 70 54 16 98 42 87 58 4 23 80 83 12 92 4 44 87 42 92 70 60 82 2 65 26 7 67 72 39 41 24 67 61 91 68 72 86 39 61 41 39 73 58 66 52 16 61 32 34 1 31 7 58 99 94 47 64 18 44 98 84 71 32 70 65 57 25 30 56 65 6 24 77 92 96 99 4 71 18 40 72 49 17 60 16 92 48 45 66 63 65 60 100 23 44 64 78 100 77 38 19 38 93 78 38 51 9 34 19 43 38 3 28 94 17 34 65 61 82 39 35 34 61 28 70 35 36 8 6 87 53 23 15 23 75 66 76 39 13 98 64 97 8 62 27 38 42 8 30 27 74 66 23 58 10 84 63 50 28 20 82 8 56 1 38 74 36 60 58 79 98 54 9 84 53 92 98 47 67 95 20 6 83 39 44 66 57 83 97 23 26 8 82 88 93 75 96 55 40 20 4 30 40 11 1 68 3 99 38 28 55 13 78 59 11 47 63 49 21 43 16 34 19 19 12 13 21 67 22 69 3 86 75 60 65 2 1 55 64 53 39 47 56 49 36 41 19 66 26 90 43 73 7 5 87 44 28 50 63 59 17 66 38 36 2 44 32 47 94 55 86 86 21 34 44 88 94 76 41 98 89 80 2 76 55 59 85 20 69 33 38 41 41 77 6 45 13 35 54 43 44 83 69 1 27 94 12 47 58 29 92 68 10 96 5 41 54 91 52 21 50 45 76 12 21 84 91 61 62 59 16 84 89 98 16 35 21 23 39 32 42 56 7 3 52 76 10 33 25 16 55 52 88 38 5 94 33 93 58 38 35 23 3 34 36 2 62 46 6 78 80 44 33 59 97 92 81 97 100 54 54 34 11 29 83 17 84 64 58 35 96 94 45 46 75 32 84 16 86 13 71 95 11 39 56 27 100 2 79 8 56 15 61 47 14 23 83 9 63 78 22 30 18 7 64 18 2 49 14 71 39 1 34 1 1 74 37 28 34 52 6 10 8 71 50 45 84 86 11 59 85 87 96 73 59 100 28 4 10 24 16 47 3 94 4 41 73 62 56 45 40 14 78 8 72 27 69 96 56 14 45 95 16 82 34 7 52 7 71 55 67 24 3 1 5 50 29 55 87 96 73 74
2
462 930
87 83 75 94 79 81 45 47 100 77 63 56 68 36 54 42 7 56 96 100 19 61 62 91 91 91 34 33 82 81 35 82 39 31 88 26 65 55 83 33 35 94 79 8 60 77 94 51 67 84 52 93 34 72 61 15 36 47 44 52 53 70 52 12 69 95 43 58 100 59 62 8 57 34 22 8 81 84 20 30 66 40 54 42 16 47 43 76 63 66 83 12 31 74 27 74 78 1 90 12 12 14 88 80 82 74 96 43 62 36 54 54 50 28 73 50 14 43 20 98 7 81 97 28 70 53 99 56 43 50 37 21 18 28 94 54 72 17 24 37 12 79 72 43 71 88 4 21 24 59 26 11 100 4 69 10 99 98 38 66 89 54 9 23 41 40 73 41 2 44 51 99 5 71 100 11 1 63 82 60 43 23 86 41 79 32 66 39 50 62 100 93 26 30 63 68 4 56 52 65 66 29 86 2 21 39 13 54 76 30 19 99 66 39 8 67 100 50 97 4 21 7 2 74 91 49 13 15 31 69 42 6 84 40 58 39 21 74 58 16 38 66 3 9 91 81 17 98 74 86 4 3 70 26 1 83 66 64 45 92 52 84 75 72 28 5 10 44 77 6 81 39 68 94 62 100 84 56 2 67 67 35 51 30 90 10 71 23 87 40 28 17 55 72 27 70 99 43 57 4 69 87 99 70 97 96 90 24 69 18 54 91 70 5 31 71 18 37 38 69 75 67 57 97 29 74 43 6 84 31 67 96 92 6 51 23 99 79 93 81 30 7 1 52 99 82 73 65 61 39 13 16 72 19 79 32 36 35 95 67 14 41 54 23 91 55 82 47 22 83 73 67 29 17 40 60 68 30 77 9 60 71 69 99 98 33 31 89 35 31 21 14 10 26 95 90 79 87 17 23 22 60 62 62 52 70 39 58 26 84 8 70 100 11 33 46 50 89 31 13 58 69 87 38 39 76 67 7 22 13 33 69 86 27 96 24 100 55 72 21 10 64 52 8 23 94 13 89 7 34 4 66 86 33 12 43 33 93 73 51 78 62
84 85 41 43 56 53 14 46 55 55 82 34 85 63 16 8 57 100 69 18 68 71 44 1 72 51 60 90 80 39 4 98 73 53 29 83 100 7 97 97 26 88 84 89 85 28 26 59 50 90 2 90 49 2 22 61 34 63 24 74 69 7 84 15 58 11 85 75 70 1 80 28 2 59 95 38 100 94 91 7 49 1 77 12 39 13 48 62 50 12 13 71 67 26 53 88 33 79 29 45 75 37 32 16 45 33 99 72 52 96 11 47 52 62 90 95 62 68 53 43 80 70 69 49 36 96 38 37 89 96 80 83 46 61 52 15 19 81 57 33 19 69 40 17 8 78 10 62 17 11 56 22 18 49 63 18 90 55 78 76 55 38 59 20 40 4 91 22 59 34 59 64 13 72 41 69 69 99 60 40 46 34 61 38 28 37 34 50 5 30 87 79 31 17 35 58 67 5 19 80 92 61 53 61 94 60 20 96 27 82 81 75 32 13 42 98 43 86 5 18 1 2 17 3 50 36 39 8 30 52 87 33 23 79 100 73 34 58 7 14 27 95 98 52 54 96 10 73 70 56 81 78 64 82 85 79 71 46 99 23 62 42 30 12 86 88 91 91 4 69 60 50 74 55 91 67 18 98 26 62 52 52 89 69 9 40 24 15 75 32 39 53 41 3 82 5 27 77 61 4 36 23 90 97 93 69 30 77 4 61 54 34 94 87 19 94 51 64 34 66 99 8 20 41 9 55 82 96 72 53 29 51 82 56 61 42 15 11 22 14 47 1 77 81 38 88 50 79 10 41 97 57 23 17 86 73 63 9 83 15 20 29 74 87 11 65 92 73 40 52 29 57 70 69 82 52 52 8 16 8 15 30 10 3 27 22 97 72 36 7 21 4 59 56 78 11 89 54 22 77 61 94 22 24 35 48 69 72 95 44 4 70 72 15 10 87 41 100 75 82 68 33 79 63 20 60 62 27 30 83 3 21 98 74 18 16 57 8 77 59 5 43 81 12 55 15 52 84 22 30 95 68 5 80 26 76 45 87 50 82 91 86 36 12 39 13 59 40 36 43 34 52 28 40 43 55 49 15 45 47 34 93 83 27 52 30 68 66 76 84 1 67 87 61 43 69 43 96 2 79 34 84 68 61 20 43 38 59 68 44 28 2 24 37 56 86 99 42 48 57 15 70 3 96 71 54 81 49 92 65 57 50 48 50 12 67 13 65 86 36 79 41 74 76 62 57 60 13 51 73 58 73 63 24 62 16 16 48 20 72 6 23 2 18 82 49 26 73 99 77 43 77 61 61 30 1 40 22 16 2 78 14 14 58 82 28 32 95 74 39 68 54 72 39 88 75 17 79 14 83 70 87 28 49 3 34 33 69 69 11 24 23 99 53 58 64 42 20 85 61 16 82 70 83 21 69 24 52 23 83 21 17 75 54 86 73 60 29 10 73 10 19 50 26 20 51 35 1 6 79 8 86 1 68 15 45 46 44 99 73 70 63 46 33 52 10 9 11 69 67 64 51 16 23 64 17 94 66 76 7 54 98 92 93 20 97 88 50 3 40 5 68 58 78 5 76 13 30 100 66 4 99 48 58 55 90 28 24 35 21 60 14 63 32 12 54 83 15 66 26 16 69 33 67 18 77 3 38 72 96 1 9 32 70 91 68 5 66 56 37 72 49 96 83 41 28 41 6 31 78 90 9 59 33 27 33 74 54 57 55 4 35 12 15 28 25 14 13 33 94 8 41 68 98 74 87 38 89 21 4 78 66 32 52 54 90 47 90 32 29 3 92 32 96 52 99 9 92 44 84 56 32 95 21 47 19 16 23 62 39 99 41 33 10 34 90 98 52 54 95 3 37 45 83 6 62 42 49 62 70 96 11 64 85 57 97 48 19 10 97 87 1 80 65 87 15 86 68 79 45 78 34 62 7 64 22 51 26 48 85 45 10 76 28 80 11 4 36 22 20 81 54 67 22 97 67 5 91 79 75 87 14 41 80 54 56 73 3 69 100 46 13 49 89 22 21 87 42 2 13 12 58 15 36 17 93 84 65 9 78 58 39 100 63 81 73 100 15 58 99 11 56 47 60 92 20 80 4 87 32
2
860 594
1 2 8 2 3 8 2 3 3 10 6 9 1 4 5 9 5 9 6 2 2 3 10 6 10 5 7 8 10 8 9 6 8 9 9 2 9 3 8 8 5 8 5 6 1 5 3 2 8 7 6 10 2 2 9 8 4 8 7 8 8 8 4 1 10 8 4 9 4 2 6 7 1 7 5 4 7 9 6 6 4 3 5 3 1 7 6 3 10 10 10 1 1 9 2 9 10 8 2 1 7 6 7 6 1 7 10 4 3 2 4 9 1 8 8 9 5 5 5 6 2 1 2 2 6 10 2 5 2 2 5 2 8 2 7 2 5 1 3 8 6 2 4 9 1 9 5 8 1 10 3 9 5 4 8 5 5 3 8 6 5 9 2 10 2 7 5 2 4 6 7 1 6 9 6 5 3 6 2 6 9 9 3 6 9 9 5 4 3 6 2 10 3 8 2 2 8 3 8 9 9 10 3 4 4 5 5 7 1 4 10 7 10 2 5 8 7 5 10 10 7 9 6 7 4 5 5 8 2 10 1 6 9 10 10 10 3 8 2 9 1 7 4 4 4 7 6 2 1 5 4 1 7 8 3 6 5 7 1 1 2 6 5 1 2 2 1 3 9 5 8 2 20 6 8 9 1 5 8 7 2 10 9 9 2 2 4 5 6 3 8 10 10 9 3 10 3 1 5 6 4 17 9 7 10 1 1 10 3 4 10 8 1 8 7 8 5 4 9 6 6 8 7 6 1 3 2 9 4 2 10 2 4 9 2 9 13 7 10 12 7 2 7 2 3 6 9 5 2 10 10 6 9 7 3 6 5 9 6 1 1 10 6 10 7 9 2 9 3 6 10 9 10 3 5 3 1 5 9 6 3 1 5 6 1 1 8 10 4 1 5 9 1 10 6 9 3 8 1 8 7 8 9 9 4 6 4 2 3 3 3 3 3 10 8 1 10 9 9 4 4 5 2 1 4 4 9 8 6 5 5 3 8 2 6 5 6 2 2 4 10 4 10 3 9 4 6 3 5 3 8 9 7 7 5 6 1 6 7 6 14 6 5 4 2 3 3 2 3 10 3 8 9 5 7 5 6 9 10 7 4 1 3 3 4 6 7 5 3 9 4 6 7 16 5 5 7 7 6 10 9 6 4 5 1 3 9 1 3 10 3 7 4 6 3 6 4 7 8 1 6 3 8 5 9 3 2 6 2 7 4 2 6 4 10 1 5 7 8 10 7 1 10 7 5 5 9 7 2 1 8 7 2 9 6 7 4 9 6 7 1 1 10 4 10 10 2 4 2 4 4 9 8 7 8 5 5 8 7 10 2 1 8 1 9 7 4 1 2 3 10 8 6 7 8 4 9 5 4 3 6 4 1 2 8 6 8 6 8 3 1 10 4 4 9 4 6 8 9 4 8 7 7 2 6 1 5 10 9 3 7 8 3 5 4 10 7 10 7 5 4 5 4 6 2 9 9 3 4 9 7 4 8 4 5 8 10 9 5 3 10 9 6 1 15 2 5 1 7 8 1 3 6 4 8 3 1 19 10 6 6 10 2 7 4 8 2 8 2 8 1 1 3 4 3 4 5 4 2 8 8 7 9 7 1 10 6 2 1 4 10 3 2 3 1 6 10 10 10 5 7 9 5 9 10 5 9 8 3 3 10 18 5 8 3 5 8 10 4 7 8 11 7 7 1 4 2 8 7 5 9 9 4 7 6 10 2 3 10 4 4 1 3 8 7 5 3 8 7 8 5 1 8 1 7 6 7 1 7 9 3 7 6 5 1 1 1 10 1 3 3 5 10 9 3 10 2 8 1 6 1 7 8 6 1 9 6 3 10 1 7 4 5 7 1 1 4 10 4 3 4 7 1 1 2 10 10 2 4 5 4 1 2 7 2 10 2 5 7 3 10 7 2 4 5 9 2 6 8 3 9 3 6 8 7 4 5 4 3 10
8 10 8 7 6 15 10 6 5 9 3 2 10 2 5 8 1 1 6 8 5 10 2 6 10 3 4 7 6 4 8 4 1 5 7 2 6 7 7 4 6 5 2 4 10 7 4 9 3 9 1 10 2 16 7 7 4 5 4 7 10 24 7 7 4 6 10 3 10 9 9 6 2 7 3 1 4 10 7 6 8 3 7 9 7 8 3 3 2 2 10 8 1 9 2 10 2 1 7 7 1 9 5 9 2 6 9 5 8 7 4 1 4 3 7 10 2 8 6 1 9 2 5 6 8 1 4 6 7 3 9 10 10 5 4 9 10 3 1 3 5 1 8 6 7 4 10 7 4 3 1 4 8 9 9 10 2 22 3 6 2 2 2 6 3 6 2 2 8 7 10 6 7 7 3 10 9 4 4 8 1 10 9 8 8 8 3 7 7 8 4 9 8 3 18 8 9 2 5 4 6 2 3 8 6 5 8 3 7 8 5 3 1 8 5 6 8 4 1 1 7 6 4 10 6 1 3 6 8 10 8 1 10 1 12 6 7 4 4 7 8 8 6 8 21 3 7 8 7 2 2 7 8 10 2 6 3 6 10 5 5 1 9 1 5 3 9 9 1 3 7 9 10 7 3 5 5 7 5 4 4 9 9 2 1 10 8 4 7 2 7 5 9 23 4 6 6 3 4 5 6 3 4 1 3 4 7 6 6 3 2 1 1 1 4 6 1 5 4 3 2 4 5 8 9 4 3 5 5 10 5 3 3 2 3 4 1 1 1 10 1 5 2 9 3 3 5 8 2 8 7 9 4 6 9 2 5 5 6 3 9 5 7 9 9 1 8 3 1 4 10 10 5 10 1 7 6 10 7 1 7 9 5 9 10 2 10 7 8 2 9 4 3 1 2 9 3 7 1 5 1 10 5 6 9 10 2 9 5 6 2 9 9 6 1 3 1 5 4 3 10 1 10 4 7 3 19 1 8 1 5 10 2 5 5 10 2 5 10 9 4 8 10 9 3 3 2 9 7 3 4 10 2 3 8 4 1 20 9 4 2 8 9 3 7 7 5 9 8 17 9 4 8 9 3 13 9 5 7 2 8 1 4 6 6 8 4 6 1 6 1 10 4 2 8 4 10 3 1 3 6 2 9 10 8 9 10 7 2 10 8 6 9 7 4 10 6 1 2 10 6 11 2 5 2 8 2 7 9 2 1 1 7 5 1 8 1 8 5 10 10 2 2 5 3 4 2 4 5 9 3 6 4 10 8 14 8 1 6 4 6 7 2 8 9 10 4 5 10 5 7 2 6 5 8 6 5 5 3 3 5 6 8 2 6 6 4 1 5 9 3 5 6 9
2
759 431
9 9 5 2 10 6 3 17 4 1 8 8 8 9 5 10 5 5 2 5 4 4 3 10 4 10 6 3 2 6 2 6 4 7 8 1 9 7 2 9 1 2 8 8 5 9 7 6 1 4 3 6 2 6 10 7 8 10 2 4 7 2 7 5 1 1 8 4 2 3 2 5 1 10 9 8 8 7 2 3 7 10 8 8 8 9 6 9 6 1 3 4 1 8 9 4 3 10 10 10 7 8 1 4 22 1 2 5 2 10 7 9 2 7 9 3 2 5 7 9 6 1 3 10 7 8 6 2 6 4 2 10 6 5 7 5 4 7 10 4 6 3 5 5 7 7 10 8 4 5 5 8 2 7 10 5 6 8 9 2 10 2 4 10 1 3 9 4 10 7 9 2 3 26 21 10 8 1 7 3 7 8 3 2 10 7 10 3 10 29 7 14 9 6 6 1 3 5 8 4 5 8 3 6 2 2 20 8 5 9 4 7 5 4 2 10 3 3 5 10 10 6 5 7 1 1 3 5 7 3 7 3 4 5 10 5 10 6 1 10 7 3 2 3 6 2 2 4 3 8 5 9 10 8 4 7 2 1 5 3 6 4 6 10 9 5 9 4 3 4 5 1 8 6 10 7 13 3 1 7 10 7 8 1 6 4 6 15 9 3 1 4 7 6 3 6 5 8 5 5 4 9 6 4 9 1 9 1 3 6 1 7 7 3 10 6 8 9 10 9 2 4 8 1 9 2 4 9 4 3 8 6 2 5 9 5 6 4 1 5 10 4 5 6 10 2 3 1 3 9 1 5 4 1 5 9 7 8 10 2 8 6 2 4 7 1 2 1 8 1 1 19 6 8 6 5 8 5 9 6 2 8 3 9 8 7 10 4 2 5 3 9 8 8 8 8 10 6 10 4 4 1 24 9 9 5 4 6 4 3 8 9 4 3 6 7 10 9 4 9 3 2 7 1 9 7 8 9 1 4 8 2 3 3 2 10 4 2 4 3 9 3 3 1 3 10 9 8 3 27 2 8 2 2 3 8 7 10 10 6 4 4 5 7 7 9 9 7 4 3 9 6 5 7 8 6 10 2 2 6 7 8 9 2 6 4 5 10 3 3 7 5 3 9 4 5 7 1 4 10 5 2 5 3 4 5 8 1 6 2 4 2 6 3 1 10 6 1 5 7 9 3 2 7 8 6 9 4 1 3 28 1 9 1 1 8 8 2 10 9 3 10 9 5 9 8 5 1 9 3 10 9 8 2 7 5 2 1 1 8 12 4 5 10 7 7 4 3 1 10 6 8 4 9 7 6 5 8 10 5 9 7 8 2 6 7 6 1 8 4 5 7 5 10 1 9 7 1 4 10 2 1 9 9 3 4 5 6 7 2 7 1 9 10 8 5 1 6 4 8 6 6 6 6 7 5 8 9 7 6 6 5 8 4 1 7 1 16 7 9 3 2 6 4 1 1 5 2 6 10 8 3 10 4 7 5 7 2 3 25 3 8 8 2 9 1 2 23 2 9 5 4 9 6 4 4 8 5 2 7 5 10 9 10 5 9 8 1 1 3 9 7 10 4 3 3 9 10 6 2 7 10 6 2 6 7 1 1 3 7 10 3 1 5 3 10 1 10 9 1 2 8 10 9 10 6 7 2 11 5 2 7 4 4 3 4 1 2 1 6 5 6 1 6 10 8 4 2 2 10 18 5 1 6 1 3 8 6 3
8 6 10 4 1 10 8 8 10 3 6 3 6 8 3 4 4 3 9 6 3 10 8 7 8 4 8 4 6 4 6 7 8 5 5 1 7 9 7 5 3 4 2 7 8 9 9 14 8 2 2 8 7 1 6 5 12 5 6 3 8 6 1 9 2 10 9 3 10 5 4 7 3 4 10 4 7 3 4 7 8 6 8 10 1 9 6 2 6 6 8 2 8 2 2 5 9 8 9 8 10 4 10 1 3 6 9 8 10 7 5 9 2 1 5 3 10 1 3 9 5 9 7 5 4 9 1 7 7 1 7 9 4 10 8 4 4 11 10 3 2 4 10 3 1 8 8 1 7 5 10 1 5 5 1 7 6 1 5 6 6 5 6 6 8 4 8 8 10 1 4 4 10 7 1 4 4 10 5 6 9 5 2 7 7 8 10 2 18 1 3 7 5 10 7 15 2 9 10 2 8 3 2 5 10 6 5 8 2 3 2 7 5 2 10 19 8 3 9 5 20 4 2 7 8 2 5 10 1 9 1 10 7 4 9 1 4 4 9 1 10 6 10 3 1 6 3 8 13 4 2 8 9 10 3 8 5 5 6 2 6 6 7 1 3 9 5 3 7 8 3 7 4 5 5 3 8 5 3 6 4 4 10 1 5 6 7 1 5 9 2 4 9 1 5 6 7 21 6 2 4 4 6 3 6 3 10 8 2 2 4 10 9 9 10 7 2 3 3 6 1 4 5 7 7 5 3 4 3 7 7 3 5 8 10 9 6 9 6 1 2 3 5 4 1 9 5 2 1 6 4 8 1 5 3 9 8 9 1 9 7 7 6 3 10 2 1 3 9 10 2 10 9 17 8 6 2 9 1 10 9 1 7 1 2 2 6 5 7 10 1 6 7 16 9 10 1 2 1 1 4 8 9 9 6 2 6 5 7 4 7 8 3 4 3 2 10 2 4 3 2 9 1 3 5 2 2 7 10 2 9
2
603 717
2 9 10 7 6 3 5 7 6 6 10 9 7 8 4 8 7 4 9 8 4 10 6 8 3 6 1 7 4 2 2 9 8 9 3 9 10 5 3 1 8 10 5 2 2 7 8 2 10 4 7 1 9 10 7 4 1 1 6 7 6 2 1 1 3 1 7 6 3 7 8 9 5 4 5 9 1 1 2 3 4 5 10 4 8 1 7 7 5 5 9 4 10 7 2 6 10 15 6 10 4 1 8 10 2 1 2 4 4 3 3 5 10 8 1 2 10 4 17 5 2 2 3 9 9 5 8 3 5 3 2 7 10 2 6 1 9 6 4 6 8 4 5 4 9 3 10 6 8 4 5 4 5 7 6 2 9 7 9 1 2 5 6 9 1 3 7 10 6 8 6 2 3 9 7 7 7 10 10 23 8 9 10 5 2 8 8 10 1 9 10 8 10 2 4 7 9 6 4 6 9 7 2 3 6 1 5 3 4 4 5 1 2 5 3 6 6 6 6 2 5 6 8 8 6 2 1 6 6 3 9 3 8 9 6 2 2 13 10 1 3 4 3 7 8 4 16 5 9 9 3 5 3 6 9 3 7 11 7 7 3 7 6 8 3 1 5 2 1 5 9 2 10 10 1 5 7 8 5 9 4 9 8 7 4 10 1 10 3 6 10 7 9 10 4 6 3 8 1 2 7 2 4 7 9 10 6 8 7 7 8 6 5 5 7 5 7 9 9 8 2 3 2 5 10 3 2 6 5 3 4 9 10 4 2 7 2 10 3 3 2 8 12 8 2 2 9 2 10 4 7 7 5 5 6 1 1 19 10 10 4 7 22 5 3 1 6 3 4 3 3 1 8 7 10 5 3 1 9 5 8 9 6 6 5 8 8 4 4 1 1 8 4 9 3 1 4 9 3 8 1 6 7 10 4 2 4 6 9 2 4 6 5 7 1 1 2 1 4 18 9 5 4 10 8 9 9 6 7 8 2 7 8 3 7 5 3 10 2 6 1 9 4 8 10 2 1 7 4 4 1 3 10 6 6 4 4 2 5 5 5 3 8 9 1 5 9 5 7 10 8 9 3 8 3 9 7 4 8 8 7 1 9 7 8 4 14 1 3 10 4 5 2 7 10 6 10 3 2 8 3 20 4 1 2 5 6 8 10 7 9 1 10 7 6 8 3 4 6 5 10 10 5 3 3 10 9 9 5 2 10 6 9 6 5 1 3 2 5 1 2 8 7 6 3 2 4 9 6 5 10 1 9 6 8 1 1 8 5 8 6 3 4 2 8 9 6 5 2 3 1 2 7 4 3 1 4 8 10 8 4 3 1 9 10 1 2 2 10 7 8 10 7 4 10 5 5 1 9 21 1 5 1
2 1 4 4 7 9 5 3 5 10 27 7 1 1 5 7 1 5 4 7 9 7 9 8 2 2 2 5 5 5 8 9 17 2 8 5 4 7 6 8 6 3 6 6 1 6 3 8 8 8 5 10 4 9 9 8 8 1 8 2 4 6 1 6 10 6 4 8 6 8 9 2 8 8 5 8 9 5 10 8 2 1 7 5 1 6 6 9 4 6 7 9 4 1 3 4 9 5 3 7 2 9 1 7 1 3 7 3 1 4 5 9 3 3 2 9 1 6 2 2 21 10 3 3 6 4 10 5 4 2 1 3 6 2 10 6 3 8 3 3 1 8 7 1 4 8 6 3 9 6 3 9 16 23 4 8 8 1 10 4 4 4 8 9 5 5 10 9 3 8 2 6 10 6 5 1 2 9 1 1 4 7 5 2 8 7 8 4 10 8 4 1 3 5 7 2 7 4 5 5 10 5 2 7 8 5 6 7 3 9 1 2 1 15 1 4 9 2 4 3 10 9 10 7 5 4 8 26 3 1 1 10 1 4 5 9 9 1 8 10 6 4 1 8 9 1 8 9 6 1 8 24 2 10 6 2 5 6 10 4 10 3 5 1 6 3 1 1 5 1 8 2 1 10 5 7 4 3 9 10 25 1 5 4 10 7 8 3 7 4 10 1 8 2 8 1 7 8 8 3 1 2 8 6 5 10 9 9 3 5 7 11 1 7 14 1 10 3 9 10 3 10 8 4 7 6 8 2 1 6 5 7 3 5 10 4 10 2 4 3 7 7 5 9 2 6 5 2 7 3 6 9 2 3 6 5 4 7 8 10 5 9 4 2 2 10 2 4 10 6 1 10 13 5 2 8 6 10 7 6 6 6 4 4 5 7 1 2 1 5 6 3 8 1 8 3 5 2 9 2 10 2 4 8 7 4 2 10 2 9 3 7 6 4 4 6 7 4 8 8 8 1 2 7 6 7 8 6 10 1 4 5 4 3 9 10 6 1 3 8 2 5 2 2 9 9 7 1 4 10 3 4 1 8 6 4 2 1 3 8 10 4 6 7 7 9 10 10 6 8 6 4 2 8 9 10 22 5 3 9 5 9 5 2 4 9 10 7 7 10 4 6 8 5 2 9 5 10 12 1 3 6 6 5 3 7 1 6 8 10 9 8 5 5 5 8 10 9 6 3 9 7 9 10 2 6 3 2 7 2 5 10 4 3 7 1 3 3 8 8 1 7 10 9 10 3 2 3 6 10 7 3 4 3 10 7 7 2 7 2 9 2 10 5 10 1 9 8 7 9 8 4 2 4 5 4 5 6 5 6 7 1 5 4 5 4 8 3 9 6 7 7 5 9 5 5 10 3 7 6 4 7 4 5 3 1 2 4 6 7 2 6 3 3 10 5 10 7 1 6 9 1 9 7 2 4 3 8 2 5 9 3 5 5 2 10 1 10 2 5 1 2 1 1 7 9 20 9 7 8 3 3 10 3 8 4 18 9 7 10 4 9 3 6 9 6 10 3 10 7 8 10 6 9 9 3 1 4 3 4 10 8 6 7 9 7 6 9 3 8 2 3 3 4 2 10 9 6 2 10 7 6 7 6 9 1 2 10 6 9 19 7 2 9 2 4 1
2
803 650
3 2 16 5 1 10 2 8 7 6 8 10 10 10 5 9 5 2 5 3 5 3 1 10 8 9 2 2 7 1 10 8 4 5 4 6 11 6 7 7 7 8 5 2 6 1 3 7 1 7 6 7 5 7 6 3 7 5 9 9 4 3 3 5 6 3 3 8 3 3 4 10 7 8 8 9 9 4 2 6 6 9 1 10 7 10 4 7 6 8 5 10 9 6 8 8 5 1 6 10 5 7 8 6 5 2 5 1 7 7 7 5 2 1 5 10 9 10 2 2 2 9 3 4 1 8 4 8 7 4 8 7 9 2 2 5 1 6 6 10 4 2 9 5 9 6 5 8 9 7 6 2 9 10 9 10 7 10 8 1 8 2 4 8 2 6 1 7 6 8 4 7 2 8 2 7 3 9 9 6 4 2 4 2 2 2 2 2 5 2 9 7 1 7 5 4 10 2 10 2 4 7 4 2 9 10 3 5 18 8 10 6 6 5 3 5 1 9 10 1 6 6 8 10 6 9 8 9 8 3 1 5 9 6 6 1 9 5 3 10 9 1 1 4 2 2 8 7 6 3 9 7 5 9 6 7 10 3 6 2 1 10 8 6 1 4 5 3 9 1 4 3 7 5 9 7 9 8 13 7 3 1 3 3 7 8 10 7 9 3 1 1 10 2 4 10 5 7 1 9 8 4 6 5 6 2 4 8 6 1 4 7 7 6 10 5 8 6 7 6 4 5 6 5 8 2 9 4 3 1 10 1 10 8 6 5 1 1 1 8 6 3 3 7 9 9 10 3 2 6 8 3 4 8 7 3 7 6 4 4 10 7 10 3 3 6 7 6 8 10 4 8 5 10 3 3 8 9 3 9 3 10 3 4 5 4 14 6 21 2 6 9 2 6 4 8 1 9 4 1 3 1 7 2 4 1 7 3 6 17 8 9 4 10 6 9 6 2 10 6 8 3 4 7 8 2 9 2 5 10 7 2 8 8 1 5 6 8 1 6 2 1 6 3 1 3 4 6 2 5 2 3 6 1 1 4 8 2 5 4 9 4 3 2 7 3 1 2 10 7 5 6 9 6 9 9 5 3 9 2 5 10 6 2 8 4 8 8 1 2 7 9 8 3 7 9 4 8 6 6 1 4 10 7 6 6 8 1 9 1 5 2 4 2 7 4 3 1 4 7 3 1 7 7 3 2 10 5 1 7 8 6 4 10 10 2 8 4 6 8 10 4 3 6 3 3 7 8 3 4 1 9 10 3 5 10 10 10 1 2 5 8 7 8 1 2 4 4 3 4 1 4 3 8 4 10 10 9 3 10 2 6 5 2 2 10 6 2 10 3 5 2 7 5 9 6 5 3 4 10 3 4 9 5 10 4 1 3 2 5 6 3 8 7 1 7 9 19 15 6 1 5 3 2 1 10 3 1 4 9 9 9 1 4 4 6 10 1 5 1 2 10 2 9 10 1 8 10 7 9 7 4 10 7 5 5 4 10 3 2 8 9 7 1 5 5 10 4 9 7 5 9 9 8 1 3 6 10 9 7 7 3 3 9 12 2 8 9 9 1 3 5 8 5 4 8 9 2 3 10 5 5 1 10 9 2 1 1 3 3 7 10 8 22 8 9 23 10 7 9 9 7 10 8 8 2 1 5 5 5 2 10 2 8 2 5 4 4 10 4 6 3 5 6 4 7 4 7 4 9 4 5 1 8 8 4 3 2 7 7 1 5 1 2 10 4 8 4 1 1 1 1 8 6 5 4 9 4 10 5 5 6 5 3 5 7 1 8 20 5 7 2 3 8 3 6 9 6 10 10 9 9 4
9 8 7 3 6 8 2 1 5 6 7 9 3 5 2 4 10 4 7 10 7 9 9 5 6 5 4 5 1 8 7 2 4 20 4 1 6 3 10 10 7 3 3 6 2 1 7 1 10 9 4 2 3 6 3 3 8 7 1 9 9 9 10 1 5 5 7 1 10 6 6 5 9 9 7 4 3 8 4 7 8 3 6 7 6 9 2 8 2 2 9 6 6 10 3 9 10 4 1 3 2 6 5 6 5 2 5 4 10 2 9 10 3 7 9 9 3 9 4 4 7 1 4 7 5 4 3 10 8 8 8 2 9 1 9 2 9 1 1 14 4 10 7 5 8 3 3 10 9 9 3 5 8 5 6 8 3 7 7 6 5 10 3 2 3 1 4 9 3 2 6 6 4 8 6 3 5 4 5 7 5 2 5 10 4 8 2 4 2 1 1 6 7 4 10 6 8 6 8 1 2 10 8 10 1 10 4 5 7 2 2 12 9 8 4 4 8 1 2 5 9 1 3 10 3 7 9 9 3 6 4 6 8 10 7 10 6 1 1 2 1 1 7 7 6 9 2 5 6 6 1 3 9 6 5 2 7 7 4 10 6 6 6 3 3 5 1 3 4 5 7 1 8 9 7 10 9 5 4 9 8 5 8 8 4 2 3 11 10 8 1 5 10 8 4 5 10 10 4 1 9 4 5 2 7 1 10 10 9 5 7 7 9 4 5 8 7 16 7 5 1 10 6 5 7 3 8 1 10 4 6 10 2 6 8 4 5 7 1 8 9 1 8 2 6 2 9 5 1 19 9 10 1 3 9 1 6 8 13 7 6 6 10 2 2 3 3 10 9 1 4 10 2 7 2 2 7 4 8 2 3 1 1 6 2 6 4 10 9 5 2 9 8 18 10 2 8 8 1 9 1 8 1 3 3 4 8 5 8 3 1 5 4 8 7 6 10 8 9 2 7 7 7 5 8 2 7 3 10 1 5 10 1 5 1 4 10 4 2 4 7 1 2 9 10 7 4 10 3 4 5 6 6 6 1 9 2 5 3 8 10 1 10 2 9 4 9 2 8 4 4 3 9 1 6 1 4 6 7 9 10 4 10 2 9 8 4 7 8 2 3 5 6 1 6 6 1 2 5 7 3 1 8 6 10 4 7 8 5 3 3 2 5 10 7 6 10 8 5 6 2 3 4 6 7 8 10 3 6 1 8 7 8 2 9 9 5 2 5 5 5 10 10 9 9 8 7 4 3 8 7 9 10 6 3 4 1 3 10 10 1 1 6 10 7 7 2 1 8 10 9 3 8 2 5 1 8 5 5 3 2 4 7 7 6 9 3 6 8 2 4 6 7 1 4 15 10 4 9 3 5 2 4 5 17 7 2 5 8 6 8 9 6 9 3 8 4 3 7 10 6 8 2 5 8 3 2 3 10 4 4 9 5 9 4 2 3 5 7 7 3 5 1 1 6 2 2 9 3 3
2
573 840
733 234 412 801 450 13 517 635 335 138 393 607 146 312 322 247 789 616 417 135 221 414 124 605 59 514 70 802 685 518 530 419 503 614 67 115 41 66 444 358 285 333 692 664 732 504 687 177 434 453 56 501 351 535 840 106 25 626 715 88 781 570 650 589 545 625 542 835 468 538 163 295 405 796 584 407 814 461 377 447 513 173 510 244 306 596 613 293 20 95 546 565 159 496 389 788 564 642 567 767 212 689 52 231 359 592 768 766 644 833 261 410 252 669 757 131 819 455 730 171 249 711 385 276 192 381 211 392 676 403 618 443 233 633 336 469 442 390 54 544 281 346 735 727 430 12 515 78 408 660 235 92 604 307 230 291 84 588 778 709 726 432 141 9 240 662 16 49 143 284 702 581 831 409 99 132 528 363 657 628 334 209 328 746 752 590 413 167 300 488 482 547 31 58 593 79 188 210 722 251 632 454 113 701 140 569 779 62 213 420 323 63 751 686 292 290 524 139 325 246 559 169 174 798 820 688 344 680 511 640 339 69 446 740 378 258 705 308 119 398 350 438 608 382 554 272 18 571 556 298 724 481 805 485 239 357 28 243 330 723 342 27 203 57 82 670 818 227 557 321 718 305 349 648 397 813 743 467 615 5 19 491 33 176 184 734 587 270 260 108 486 421 175 459 352 706 162 597 502 612 594 262 728 71 653 116 304 445 834 484 150 286 543 366 189 44 646 576 600 190 96 320 112 598 256 457 762 549 264 120 324 340 508 94 311 527 288 170 526 268 219 507 327 611 693 747 266 373 271 201 712 665 214 85 532 667 737 782 623 673 460 489 586 404 804 316 50 483 700 602 825 525 464 395 30 472 810 492 29 738 127 577 776 634 80 750 748 480 424 606 122 683 279 697 208 649 156 259 179 696 448 55 806 764 703 797 172 83 100 694 760 65 374 17 110 53 97 772 656 310 401 629 763 3 87 10 658 14 771 198 499 437 707 161 521 74 193 107 302 418 677 812 555 121 117 487 199 682 253 699 226 466 725 387 675 786 400 497 35 104 622 245 745 827 280 149 200 452 441 439 388 303 470 478 232 681 800 630 26 157 698 536 379 695 105 839 736 217 668 118 595 187 148 166 317 197 72 178 191 422 493 267 343 22 573 826 435 254 89 627 784 361 754 619 338 7 793 791 475 717 218 731 347 449 204 824 216 180 713 428 721 830 128 196 787 574 21 255 823 153 165 228 522 548 269 609 145 523 386 384 283 679 181 274 394 275 102 829 38 313 93 610 425 383 809 479 51 354 761 678 32 186 111
168 147 775 720 383 682 71 736 171 237 824 386 745 470 549 409 80 681 760 370 467 653 704 744 29 642 540 378 316 16 722 185 393 199 823 94 460 177 420 49 663 743 214 468 608 416 254 617 377 597 627 832 291 244 300 103 209 582 710 660 392 172 654 239 508 476 35 702 799 111 368 596 798 493 390 18 719 215 579 588 68 677 730 557 786 109 106 385 160 355 407 685 136 750 193 565 630 362 545 478 641 57 451 840 433 334 783 404 787 432 72 3 231 539 114 90 262 402 218 83 174 721 351 426 733 639 434 367 198 323 708 629 128 54 19 346 735 93 76 601 389 165 633 472 438 258 808 406 575 506 825 113 32 85 381 687 503 585 313 127 657 269 746 135 10 261 69 224 655 184 338 800 504 175 594 116 238 277 448 38 47 512 553 366 398 590 24 686 290 559 74 251 502 666 146 228 299 692 340 2 170 153 388 556 554 801 225 838 440 250 359 246 443 285 444 826 163 141 614 229 413 245 584 494 138 122 382 625 791 67 495 755 89 204 373 243 834 48 288 23 97 445 726 376 270 762 208 263 253 192 156 780 537 408 227 797 715 13 167 53 769 52 805 488 249 589 528 749 345 282 332 412 580 535 717 699 230 693 632 566 360 260 544 240 188 96 98 380 649 295 354 691 818 255 696 473 42 532 284 327 757 586 774 578 273 397 462 481 17 43 417 223 73 77 802 517 479 768 737 813 469 384 732 314 391 115 22 603 817 807 814 668 718 342 449 542 403 235 748 458 497 593 564 474 779 546 315 30 101 65 487 78 833 289 275 422 303 623 309 158 453 619 538 496 123 785 387 357 450 650 374 661 280 679 567 471 352 534 765 636 821 742 321 644 1 236 516 837 20 405 344 695 81 162 483 803 489 379 673 45 729 520 189 195 348 634 541 436 480 286 8 79 712 44 203 117 143 714 581 829 337 761 831 446 31 302 667 752 734 771 100 322 427 459 99 795 213 441 454 598 455 651 365 91 400 121 747 70 202 435 201 662 39 515 395 107 439 675 658 456 130 212 572 552 430 11 133 95 358 731 510 180 292 26 836 513 266 646 740 680 222 570 118 343 75 335 102 827 196 283 652 475 524 247 15 527 498 152 341 465 536 707 326 148 265 592 36 670 304 173 703 363 317 839 325 622 828 144 364 267 477 149 724 375 190 221 806 410 697 606 500 758 568 310 811 656 161 50 766 293 709 37 700 796 548 501 301 648 809 125 145 738 739 336 647 159 776 690 287 59 618 259 183 754 4 428 137 635 84 701 804 226 150 569 256 764 61 759 674 86 464 756 347 505 531 822 499 63 577 609 328 526 181 563 529 611 104 132 131 772 591 698 706 669 312 105 60 241 519 414 7 112 120 482 784 40 56 643 574 361 294 751 179 234 819 509 628 415 466 551 457 12 725 306 521 587 248 485 296 794 425 207 305 311 307 142 21 371 664 812 5 197 418 318 252 151 233 773 640 164 62 14 140 713 547 599 816 211 206 92 200 87 216 788 33 514 396 638 612 41 319 242 741 268 672 353 810 124 9 486 369 298 308 533 461 154 610 782 678 178 220 129 604 671 789 257 631 507 778 684 665 169 126 66 51 394 688 28 518 793 792 522 331 607 727 676 683 613 320 689 525 558 560 562 64 835 442 711 46 490 421 419 583 716 333 600 139 278 272 34 205 25 55 830 492 271 571 187 767 155 452 182 815 330 555 166 620 210 705 777 790 276 763 550 523 264 349 329 356 561 423 217 297 399 753 602 659 108 424 781 324 279 186 274 372 605 543 134 770 157 219 431 401 576 637 728 723 463 429 595 191 58 621 491 281 339 6 616 645 615 176 82 626 484 194 437 119 411 530 27 694 820 624 110 573 447 350 511 88 232
2
630 755
1 1 2 2 1 1 2 1 1 1 2 1 1 2 2 1 2 2 2 1 2 2 1 1 2 2 2 1 1 1 2 1 2 2 1 2 1 1 1 2 1 2 1 2 1 2 2 1 2 1 1 1 2 2 1 2 2 2 1 2 1 1 1 1 2 1 1 1 1 1 2 1 2 2 1 2 1 2 1 1 2 1 1 2 2 2 1 2 1 2 1 1 1 1 2 1 2 2 2 2 1 1 1 1 1 1 1 1 1 2 1 2 1 2 2 1 1 2 2 2 1 1 1 1 1 2 2 2 1 1 2 2 2 2 2 2 1 1 1 1 1 2 2 1 2 1 1 1 1 1 2 1 1 1 1 2 1 2 2 1 2 2 1 1 1 2 1 2 2 1 2 1 1 2 1 1 2 2 1 2 1 1 2 2 1 2 1 1 1 1 2 2 1 2 1 1 1 2 1 2 2 2 2 2 2 1 2 2 2 2 2 2 2 2 2 2 2 2 2 1 1 2 1 2 2 2 2 2 2 1 2 2 1 1 2 2 2 1 1 1 2 1 2 2 1 1 1 2 2 1 1 2 1 2 2 2 1 2 1 2 2 1 2 1 1 1 2 2 1 2 1 2 2 1 1 2 1 2 1 1 1 2 1 1 1 1 2 1 1 2 2 1 1 1 2 2 2 1 1 1 2 2 1 2 1 2 2 2 2 1 1 2 2 1 2 1 2 1 1 2 1 1 1 2 2 2 2 2 2 1 1 2 1 2 1 1 1 1 1 2 2 2 2 2 1 1 2 1 1 1 2 2 2 2 1 1 2 2 1 2 1 1 2 2 2 1 1 1 2 2 2 1 1 2 2 2 1 2 1 2 1 1 2 2 1 1 2 1 1 1 2 1 2 1 2 1 2 1 2 1 2 2 1 2 1 1 1 2 1 1 2 1 1 1 2 1 1 1 1 1 1 2 2 1 1 1 2 1 2 1 2 2 1 1 1 2 1 2 2 2 1 2 2 2 1 2 1 1 1 2 2 1 1 2 1 2 1 1 2 1 1 2 2 1 1 1 2 1 2 1 2 2 2 1 2 1 2 1 1 2 2 2 2 2 2 2 2 2 2 1 1 2 1 1 2 1 1 2 2 2 2 2 1 1 1 1 2 1 2 2 1 2 1 1 2 2 2 2 1 1 2 1 2 1 2 1 1 2 1 2 1 1 2 1 2 2 1 2 2 2 2 2 2 1 2 2 1 1 1 2 1 2 2 1 1 2 2 2 2 2 1 2 2 1 2 2 1 1 2 1 1 1 1 2 2 1 1 1 1 2 1 2 1 2 1 1 2 2 1 2 2 1 1 2 1 1 2 1 1 2 2 1 2 1 1 2 2 1 2 2 1 2 2 2 1 1 1 2 2 2 2 2 1 2 2 2 2 1 1 2
2 2 2 1 2 1 1 1 2 2 1 1 1 2 1 2 2 1 1 1 2 2 2 1 2 1 2 2 2 2 1 2 2 2 1 2 1 2 2 1 2 2 1 2 2 1 2 2 1 2 1 2 2 2 2 1 2 1 1 1 1 2 2 1 1 1 2 2 1 2 1 2 2 1 2 1 1 2 2 1 2 2 2 1 2 2 2 1 1 1 1 2 2 1 1 1 1 1 1 2 2 1 1 1 1 2 2 1 2 2 1 2 2 2 2 1 2 2 1 2 2 1 2 2 2 1 2 2 2 2 2 1 1 1 1 1 1 1 1 2 2 1 2 1 2 1 2 2 2 1 2 1 1 1 2 2 1 1 1 1 2 1 1 2 1 1 2 1 2 1 1 1 1 2 2 2 1 2 1 1 2 1 2 2 1 1 2 2 1 1 1 2 2 2 2 2 1 2 1 1 2 1 2 1 1 2 1 1 1 2 2 2 2 2 1 1 2 2 2 2 1 2 1 1 1 2 2 1 1 1 2 1 2 2 1 1 1 2 1 1 1 1 2 2 2 2 2 2 1 1 2 2 1 2 1 2 2 1 1 2 2 2 2 1 2 1 1 1 2 1 1 1 1 2 1 2 1 1 2 1 1 1 1 2 2 1 2 1 1 1 1 1 1 2 1 2 1 1 2 2 2 2 1 1 1 1 2 2 1 2 1 2 1 2 2 1 2 1 2 2 1 1 1 1 1 1 1 2 2 2 2 1 1 2 1 2 2 2 2 1 1 1 2 2 2 1 2 1 1 2 2 1 2 1 2 2 2 1 1 1 2 2 1 1 2 2 1 1 1 2 2 1 2 2 2 1 1 2 1 1 2 2 1 2 2 2 1 2 2 1 1 1 2 1 1 2 1 1 2 1 1 2 1 2 2 1 1 2 2 2 1 1 2 1 1 1 2 1 1 2 2 1 2 1 2 1 2 1 2 1 2 2 1 1 2 1 1 2 2 1 2 2 1 1 2 2 2 2 1 1 1 1 2 2 2 1 2 2 2 1 2 2 2 1 2 2 1 2 1 1 1 1 2 2 1 1 2 1 2 2 2 2 2 2 1 1 1 1 1 1 1 2 1 2 1 2 1 2 2 2 1 1 1 1 1 1 2 1 1 2 1 1 1 1 2 2 2 2 2 1 1 1 2 1 2 2 1 1 1 1 2 1 2 2 1 1 2 2 1 1 2 2 1 1 2 2 2 1 1 1 1 2 1 2 2 1 2 1 2 1 1 2 2 1 1 2 2 2 1 1 1 1 2 2 1 1 2 2 2 2 2 1 1 1 2 1 1 1 1 1 2 1 2 1 2 2 1 1 1 2 1 1 2 2 2 1 1 1 2 1 2 1 1 2 2 2 1 2 2 1 2 1 2 2 2 2 2 2 2 1 1 2 2 2 2 1 2 2 2 2 2 1 1 1 1 2 1 1 1 2 1 2 2 2 1 2 1 2 2 1 2 1 1 1 2 2 2 2 2 1 1 2 1 1 2 1 2 2 1 2 2 1 1 1 1 2 1 1 1 2 2 2 2 1 2 2 2 1 1 2 2 2 1 2 2 2 1 2 2 2 1 1 2 2 1 1 1 1 2 2 1 2 2 1 2 1 1 2 2 1 2 1 2 1 1 1 1 2 1 1 1 1 2 2 2 1 1 1 2 2 1 1 1 1 2
