756
1413
869
429
373
1163
1408
930
1675
1624
778
5
44
410
771
5
658
2194
1044
5
1087
841
705
490
500
851
257
1237
5
70
1079
1051
272
1308
1996
1852
6
1565
1122
231
1722
1305
1667
855
696
1293
137
5
1500
1046
1037
265
834
7
40
276
938
599
611
486
1657
1012
938
3
4
341
1001
1192
883
2050
84
524
743
219
1507
502
1354
559
917
247
900
1772
206
580
462
365
714
120
860
975
4
481
659
1207
5
1256
791
902
2331
1005
545
4
436
1019
461
661
578
231
1765
700
1131
1320
212
1339
1272
236
1070
1803
958
1220
638
2131
988
445
1217
773
1178
174
5
1221
4
800
6
715
1106
925
303
5
539
1319
5
580
7
5
5
19
223
1314
5
2413
658
146
148
638
984
510
1114
1293
804
1648
6
812
1244
621
15
414
482
1561
1436
841
670
215
1592
426
1616
591
917
5
491
1791
1308
1115
457
1205
1446
21
529
4
1146
612
5
315
4
294
911
673
1659
1062
1084
537
322
701
853
1920
893
646
732
1373
797
422
1750
1565
413
712
1627
1275
1279
219
1858
152
508
5
36
2022
256
110
1634
997
1507
5
4
398
1338
850
1059
789
5
1803
532
1269
542
2244
30
584
976
1502
1152
705
576
1250
5
180
1885
160
1356
57
561
349
630
4
1699
1939
461
975
1132
1297
1180
354
305
703
487
2107
442
1317
1158
5
287
347
959
928
628
392
425
905
1662
1612
3
101
1898
1022
1400
60
55
299
742
5
1601
587
1083
739
41
1433
1596
265
84
1629
5
379
150
5
1005
1192
752
917
1407
898
2048
96
1377
1954
447
1071
1201
33
121
106
1466
77
986
1257
335
193
1900
199
1127
696
761
740
766
268
984
44
1395
2212
398
1831
65
784
1351
5
849
1343
5
48
1879
883
1611
1338
148
4
1046
631
1719
965
831
691
511
233
1190
565
784
2147
394
5
123
5
1206
372
821
249
1615
711
1786
762
280
1046
124
166
831
321
654
770
4
116
992
1430
1152
362
950
641
103
11
1143
1186
61
1401
788
164
43
1319
5
346
1589
3
239
1650
2034
5
529
1062
1148
1624
1280
67
367
660
676
413
1207
873
1464
1752
324
621
116
688
322
501
5
928
1962
1308
5
493
131
5
25
44
660
348
1499
257
1363
3
550
775
789
814
789
666
5
749
907
310
1994
20
5
433
60
565
847
2125
7
146
825
1058
237
1425
1658
1060
147
438
7
2163
230
1363
662
1532
672
489
620
793
944
1145
944
1163
4
60
937
461
1253
2345
974
1452
480
1527
340
522
1342
744
699
395
444
7
1197
266
1558
434
863
842
1053
612
1794
4
2
1402
5
759
162
689
843
1408
1218
151
1622
168
480
313
1071
2030
168
5
413
2102
1707
635
1100
279
470
944
170
621
655
823
1629
1155
1131
2343
5
67
845
3
872
110
1304
1629
2004
2162
956
192
487
1254
5
699
833
1122
1423
172
912
5
7
3
2014
5
546
1467
875
1558
6
281
854
1582
1857
1255
383
856
1135
3
1429
1045
5
1018
4
2020
1685
628
93
1116
5
533
52
558
5
194
5
611
5
5
309
291
5
942
801
2189
952
209
932
886
348
1666
692
1378
590
81
2136
1024
454
32
508
1238
1428
8
1328
702
5
94
1061
32
2456
1235
58
902
1151
95
1988
585
231
5
7
262
23
1258
1852
1960
2007
280
162
245
1157
429
972
54
1391
225
1496
357
601
471
6
1564
5
1307
1398
1178
387
343
706
444
1562
1440
945
516
1224
96
5
1230
723
283
698
17
5
512
1151
1141
366
5
1224
7
102
5
469
898
799
676
139
431
1746
946
174
741
380
450
1173
449
1663
691
1617
5
731
585
5
723
2472
657
870
234
5
1446
1653
959
1646
2180
619
667
2229
1348
137
570
1658
621
431
614
1052
6
27
5
1292
816
1439
416
4
1082
899
777
603
1234
6
1045
1415
1076
1456
5
824
793
2044
234
694
227
1905
1293
5
122
808
5
746
264
702
5
2181
1689
4
1081
335
802
1468
1673
1592
1304
436
884
1739
825
922
1689
428
96
1157
1513
1053
687
1198
566
4
1191
1225
263
654
447
5
1340
1091
1419
1522
972
1602
284
5
558
219
1097
1016
253
853
1919
785
42
321
1962
1942
1114
180
1537
14
2318
1156
202
371
1226
5
336
60
835
842
667
5
1135
3
1259
321
235
534
68
564
442
185
250
7
518
267
240
1262
292
1138
185
857
1009
188
33
1105
3
1069
395
1173
939
1586
32
827
705
149
4
503
1035
882
533
299
773
7
461
1120
3
373
1036
681
316
205
1420
445
982
143
6
193
451
4
695
67
47
447
1231
670
1280
226
1005
450
701
1614
95
453
53
1410
375
327
4
1706
956
733
324
476
1042
1281
1286
104
2102
762
1481
1912
302
1327
5
616
935
1520
1421
1399
376
3
357
252
800
1585
131
182
626
395
1408
813
981
225
1275
2392
1575
1114
578
1200
1397
6
4
91
808
1611
7
131
2038
1091
1823
2084
1501
901
1341
244
503
759
1028
426
1858
2192
1641
969
1034
18
3
208
424
1863
1181
599
519
1186
1917
1388
597
1706
1531
1234
967
423
654
5
852
1037
223
1628
3
332
822
516
911
172
2263
1272
685
1649
617
210
1074
1447
1011
419
5
1449
1230
1459
1386
836
1698
1630
716
1518
1586
1193
2292
184
1569
794
1682
857
151
5
2069
52
495
6
4
142
394
77
3
936
289
1565
273
498
1165
1025
817
770
868
143
1295
464
283
1422
1253
1697
5
742
375
886
171
2321
230
468
1998
1500
5
1394
1016
130
605
1599
1691
719
1354
699
135
2064
5
1863
1456
114
2158
1035
426
511
1082
244
805
1211
1833
1618
18
1384
372
626
1529
695
1915
131
213
922
5
36
2192
1408
283
1800
1141
1390
369
425
1371
324
930
911
1039
624
581
352
54
990
1664
933
23
1021
162
1737
2479
417
659
801
435
985
961
172
1510
116
358
1272
281
2080
129
139
5
530
5
1030
606
54
1523
312
1427
1554
5
586
252
1548
5
3
800
1550
2334
518
352
1935
290
814
1053
910
776
1015
8
391
854
68
1367
947
5
1678
549
814
810
925
1373
1309
1320
436
1369
316
2175
360
568
393
845
1150
4
1032
48
1281
5
135
1938
395
1658
272
2171
1134
5
9
584
469
1137
372
257
886
150
189
129
1294
5
509
1758
1556
5
944
972
1126
799
504
2123
416
1498
1160
5
358
367
238
5
1660
6
560
1282
658
345
1113
400
890
1757
875
70
73
357
489
609
4
1627
979
1192
5
511
696
1763
1020
276
3
501
549
3
4
783
230
1363
1359
1284
1484
441
755
1256
59
631
4
1754
299
40
253
226
5
1436
1340
110
2427
572
703
503
1743
635
597
264
5
523
33
102
1105
6
783
1276
81
1297
587
224
33
463
398
46
689
1572
1608
565
1658
1378
1527
400
1192
1019
429
1183
1455
92
865
410
1212
1524
167
1262
1427
506
1285
399
1108
1630
220
5
213
548
235
155
5
5
200
636
831
5
1677
278
1412
1934
956
1730
323
811
296
1361
506
5
1144
715
7
2026
886
1102
370
2440
1181
54
80
49
1070
1861
911
758
378
43
669
680
1150
5
360
7
599
6
107
11
12
648
18
764
1005
5
1839
1463
831
918
1764
5
756
516
5
547
1336
5
1979
899
853
270
655
683
977
92
363
1217
197
1957
816
1792
96
660
3
1198
1502
876
260
26
129
610
1078
64
1051
1367
518
914
1864
1503
1188
1838
1111
989
1904
421
1017
331
243
58
772
1563
6
1257
1386
260
119
1129
1827
1198
1166
1423
997
5
1610
5
156
27
954
333
481
397
1902
1327
160
1530
405
5
988
908
1466
1479
79
1472
234
1323
447
1182
512
499
5
1019
1037
724
218
1098
382
1310
1276
880
488
338
1204
1289
721
2221
268
498
1304
241
1258
1124
237
30
1402
1025
67
1106
1063
562
421
859
827
470
5
1040
214
1978
1080
1404
5
5
3
34
808
1328
489
1276
581
211
306
698
791
1342
45
844
3
936
2164
352
118
1053
1889
43
5
779
1727
5
3
1198
1106
4
453
3
5
1225
2401
233
18
61
3
682
813
1930
98
180
1155
789
5
1546
84
5
646
951
1212
672
11
205
4
880
298
1029
620
688
969
366
776
342
1609
1143
177
370
1380
2086
1320
581
669
1337
86
669
469
5
84
1462
1595
646
159
1098
5
703
608
584
2152
1492
373
640
26
1363
5
64
1056
1693
409
1056
972
1384
1320
2330
1217
270
88
701
12
148
561
587
194
1279
43
1456
413
1035
149
889
292
5
5
437
7
1383
351
1272
1295
1891
320
5
5
966
1019
841
307
1235
1311
808
447
1604
789
1385
1284
1907
1558
897
1009
1076
683
834
887
76
579
480
1343
36
2157
1213
256
560
1154
7
717
1319
685
1234
325
762
1920
328
435
1333
3
305
665
23
752
917
888
1703
1169
5
1136
281
928
262
591
2056
920
1444
1721
45
50
264
1446
1980
81
969
1309
897
853
5
835
798
1422
1498
951
645
635
244
1436
1203
652
1264
1044
1034
5
5
663
1225
5
1878
1201
570
1193
5
5
548
543
1272
761
-1
1064
747
1246
1779
1318
903
227
1413
1851
170
1975
718
1098
850
1910
1182
454
5
1584
362
1749
6
924
7
683
1408
1044
718
1436
711
143
1750
1360
343
671
2134
1511
167
659
870
416
1127
665
1217
979
749
1208
1398
202
1387
434
6
581
1606
968
1463
485
1242
572
1389
1110
1580
309
1323
686
1616
667
1755
1218
188
1300
573
342
1009
306
1618
1070
1781
3
634
6
629
1585
1404
447
769
1084
4
1550
867
294
699
98
614
1866
931
929
1475
5
806
7
1142
211
4
310
571
662
371
1104
5
1533
1329
1814
3
1184
513
1462
1193
851
730
1792
706
5
6
1871
114
5
327
1431
1315
284
790
303
1122
1740
153
913
974
473
884
1030
205
711
293
2067
1225
285
1824
843
1511
1324
161
1521
3
1186
2412
498
5
1167
152
1043
1235
595
352
77
1500
725
507
998
888
103
582
871
781
804
5
1464
5
1207
85
349
1144
2172
1783
1616
699
441
190
5
5
1363
1875
5
94
1549
107
705
1418
2259
437
1192
647
