3284
3581
3272
3272
2982
3019
3115
3307
3547
3516
3361
3433
3209
3200
3227
3194
3384
3335
3336
3250
3058
3039
3374
2913
3420
3388
3533
3592
3346
3024
3378
3370
3544
2929
3051
3412
3245
3006
3159
3272
3405
3185
3472
3031
3363
3648
3020
3544
3375
3088
3024
3463
3066
3047
2920
3161
3134
3075
3262
2941
3402
3155
2961
3416
3053
3337
2900
3175
3436
3100
3013
3154
3351
3240
3332
3236
3187
3288
3396
3552
3418
3125
3035
3502
3530
3413
3565
3504
2989
3351
3191
3071
3271
3365
2920
3075
3528
3087
3493
3393
