100
55 0 0
-511 0 0
631 0 0
858 0 0
-587 0 0
-128 0 0
473 0 0
-543 0 0
93 0 0
-698 0 0
396 0 0
485 0 0
-180 0 0
356 0 0
56 0 0
-736 0 0
213 0 0
-897 0 0
-151 0 0
-785 0 0
772 0 0
-743 0 0
-885 0 0
996 0 0
-790 0 0
-697 0 0
107 0 0
-639 0 0
540 0 0
-65 0 0
226 0 0
-194 0 0
-477 0 0
610 0 0
-876 0 0
-260 0 0
590 0 0
-751 0 0
-230 0 0
906 0 0
777 0 0
588 0 0
-771 0 0
-433 0 0
-303 0 0
819 0 0
21 0 0
344 0 0
-343 0 0
483 0 0
877 0 0
957 0 0
-205 0 0
877 0 0
994 0 0
737 0 0
-564 0 0
93 0 0
148 0 0
938 0 0
-590 0 0
-994 0 0
-945 0 0
-138 0 0
-288 0 0
899 0 0
423 0 0
45 0 0
-761 0 0
-604 0 0
922 0 0
-907 0 0
952 0 0
-372 0 0
-120 0 0
240 0 0
-804 0 0
409 0 0
-98 0 0
-277 0 0
-333 0 0
223 0 0
-600 0 0
39 0 0
818 0 0
-917 0 0
-709 0 0
589 0 0
80 0 0
848 0 0
712 0 0
663 0 0
555 0 0
368 0 0
-856 0 0
-731 0 0
842 0 0
-709 0 0
-91 0 0
884 0 0
-165 0 0
177 0 0
-501 0 0
-965 0 0
-897 0 0
-525 0 0
22 0 0
-979 0 0
-780 0 0
-158 0 0
454 0 0
573 0 0
757 0 0
587 0 0
451 0 0
364 0 0
-934 0 0
-216 0 0
786 0 0
229 0 0
-753 0 0
281 0 0
792 0 0
580 0 0
-88 0 0
481 0 0
756 0 0
-640 0 0
380 0 0
301 0 0
348 0 0
984 0 0
-898 0 0
-744 0 0
248 0 0
188 0 0
-607 0 0
302 0 0
-42 0 0
196 0 0
911 0 0
-846 0 0
335 0 0
999 0 0
-227 0 0
762 0 0
-640 0 0
-871 0 0
-69 0 0
-213 0 0
247 0 0
-505 0 0
838 0 0
-933 0 0
-395 0 0
-694 0 0
-313 0 0
-557 0 0
86 0 0
943 0 0
-306 0 0
590 0 0
-634 0 0
-278 0 0
-388 0 0
-568 0 0
420 0 0
-73 0 0
246 0 0
927 0 0
-905 0 0
-757 0 0
-729 0 0
-254 0 0
429 0 0
-51 0 0
658 0 0
-869 0 0
751 0 0
573 0 0
-887 0 0
416 0 0
-92 0 0
-10 0 0
-452 0 0
59 0 0
783 0 0
-709 0 0
-279 0 0
-360 0 0
-29 0 0
51 0 0
557 0 0
938 0 0
237 0 0
214 0 0
714 0 0
826 0 0
127 0 0
-626 0 0
570 0 0
-801 0 0
104 0 0
-835 0 0
261 0 0
-6 0 0
955 0 0
318 0 0
679 0 0
-557 0 0
-21 0 0
876 0 0
931 0 0
108 0 0
-444 0 0
-402 0 0
-874 0 0
-552 0 0
-476 0 0
232 0 0
436 0 0
746 0 0
809 0 0
-888 0 0
-675 0 0
-534 0 0
-333 0 0
445 0 0
128 0 0
-864 0 0
-272 0 0
86 0 0
-354 0 0
-445 0 0
-980 0 0
-354 0 0
-701 0 0
850 0 0
-430 0 0
282 0 0
557 0 0
972 0 0
-488 0 0
-712 0 0
-981 0 0
331 0 0
997 0 0
444 0 0
-536 0 0
-204 0 0
-495 0 0
-880 0 0
769 0 0
-542 0 0
-737 0 0
-799 0 0
918 0 0
-122 0 0
477 0 0
-120 0 0
784 0 0
-506 0 0
-982 0 0
-597 0 0
522 0 0
187 0 0
-194 0 0
740 0 0
866 0 0
65 0 0
763 0 0
250 0 0
239 0 0
0 0 0
-28 0 0
971 0 0
136 0 0
770 0 0
451 0 0
966 0 0
-730 0 0
623 0 0
-827 0 0
-669 0 0
343 0 0
471 0 0
524 0 0
955 0 0
69 0 0
923 0 0
-858 0 0
-813 0 0
89 0 0
-44 0 0
968 0 0
-794 0 0
-574 0 0
-588 0 0
237 0 0
-411 0 0
