113700435148
120227640025
147792712164
153479087699
149263850265
141173025257
133359574518
127312916368
147786555279
122846491439
105446019742
136395234911
145053364450
140305582997
134644440791
122011936782
195879535489
146091123912
117350819225
135584528235
118690710453
129760992300
160628469578
170636439710
116139851006
118610251931
124817321001
188956829504
120915848544
139159043842
145931167217
134119718146
149401022480
150088368647
134520025869
111116920019
121954841437
142300694579
161473684468
123829593301
157949999252
109828177167
139179257856
184206148774
138688751146
140423381698
155892027159
120529726454
137246430541
136037382996
134281884688
150626166118
127918029907
171710064085
160298196944
120878839366
142251428260
153562870553
158551905911
129138113749
133284845156
116036578581
145493630360
130652671544
143921952500
