65
46116 110
247 5331
802 1123890
1408 446617114
1557 2151185908
408 30479
202 2355
956 6650186
1626 3506440755
189 1425
921 4509053
517 95575
926 4966559
262 6944
1117 51419885
1433 813418863
1044 25502101
1095 39892991
1589 2746619985
821 1407575
75 173
32 34
73 145
193 1823
980 10891686
512 77721
343 14525
768 925784
1133 56683540
224 3179
114 414
1328 343976588
434 38164
1642 4060729811
1088 33416217
452 42766
911 3450498
1424 541504139
1454 1036145047
942 5721458
1266 159541809
1164 82536089
1536 1695915528
888 3198366
1451 1000307406
493 56111
361 18565
1351 367076858
828 1423530
534 125870
969 9440077
188 1180
1 1
603 306455
1283 232328043
1169 91683793
1429 731606742
766 763442
1427 566088225
589 283334
777 1028724
872 2392650
1005 18147129
546 158549
148 805
502 71321
246 4442
630 396678
1447 947743857
767 848559
1421 538287591
94 291
552 207152
307 11097
1144 64229312
51 68
1284 295851096
834 1624092
967 8082285
518 122079
146 662
217 3025
258 6182
627 354830
407 24992
576 244669
1483 1470625628
873 2817808
1529 1678524844
1037 21854921
755 689153
242 3587
703 516252
1158 67662716
1608 2816590181
386 23458
293 8413
1180 119156593
855 1897041
997 13191518
1455 1187330050
237 3478
1279 205736153
362 19314
53 91
76 188
1003 16428389
1376 415563694
1260 155602265
88 249
409 30732
40427 109
1124 932145322
585 2264840
187 3098
1076 490707290
637 4243857
975 168580696
1046 461766924
392 120640
478 404059
523 1022647
235 7801
381 80393
89 439
746 23829432
137 1430
18 47
799 38953347
238 8430
812 49864957
670 9595958
26 81
1239 3691600558
81 344
1186 3057868498
509 606652
563 1438351
1099 690890608
1025 344542103
157 1658
656 6086526
97 608
426 161376
380 62985
67 272
1187 3514358513
687 15325925
1101 711497798
640 4594318
961 129150586
508 587304
663 7769735
272 11566
1164 1699850745
673 11688162
524 1251496
350 29325
383 99524
301 14686
775 34589024
1098 623652320
324 23063
896 104456293
1169 2180037162
581 1906444
906 119524615
1168 1958019988
449 245133
1125 1056647543
362 38915
171 2239
675 12182456
163 2045
506 506485
1 2
610 2858096
995 198063225
819 51318897
229 5649
469 277862
618 3454092
521 799407
592 2358329
1015 267337912
881 102068772
734 18776086
647 5962054
1163 1612398207
21 58
1131 1101879258
433 177639
130 1149
108 878
702 17236443
484 434130
749 24672278
302 15815
1179 2292431441
309 19014
186 2719
1040 451771330
872 87241842
197 4087
767 30036819
446 189328
485 479309
1147 1378677777
230 7203
830 69771581
1182 2493435007
1183 2762910750
827 63293865
763 26412220
1116 783048166
363 46784
476 355650
623 3985757
1007 208961489
1096 516006393
551 1353362
45201 106
221 3456
310 12046
106 561
1164 2298076486
1083 610605886
547 313709
164 1859
620 716789
380 17001
58 176
830 17315715
129 786
1179 2832251565
240 4665
388 21685
1190 3907839351
769 6251492
627 831670
420 41141
991 154443812
30 55
995 184730515
1 1
500 216896
351 13733
447 90925
594 398894
638 1219281
444 72481
1030 402514439
1123 1407278016
962 116532408
1085 670556153
942 89473180
93 380
1182 3534193350
775 6977538
197 2245
646 1450265
873 42435058
507 239529
916 62467140
1070 512186921
1186 3766802716
204 2843
410 28179
934 87086793
782 8752722
267 6524
868 38041937
633 1069913
163 1597
1129 2201852952
960 107295077
1026 350649575
1115 1245190474
616 595212
1009 214810332
73 249
1088 781598857
397 24453
1126 1728003262
877 47655027
703 3392612
846 26319683
131 956
269 7380
1105 1001445243
759 5711750
510 262631
254 5449
685 1757880
722 5079071
257 5889
716 4266454
513 272972
33 78
696 2939842
805 11069852
466 134262
692 2294917
429 54020
458 107289
972 118694325
1107 1011802152
126 742
834 22269958
721 4637776
288 9223
418 33634
1017 276091779
917 70585545
811 12672749
494 169923
87 319
1047 491887477
1021 315678803
819 14868071
1102 866771630
488 156373
1035 485332466
925 85321548
862 30215166
8 12
151 1273
611 465887
46206 99
296 23929
330 50415
536 1908248
182 4574
908 754209796
233 11671
681 21686799
846 177050615
494 782782
132 1685
741 47768291
1046 2058890075
894 624720757
13 29
580 3694106
530 1289322
58 233
192 5011
460 237474
483 596395
1 1
891 508212959
847 195637908
91 541
694 31726209
587 5789143
290 20244
300 26965
1080 3650048502
712 33816308
52 185
176 3806
504 913477
1033 1777727366
909 921729811
747 53142337
453 192263
341 67659
1057 2627364690
1072 2747550818
889 415051878
462 305736
668 13922370
100 616
386 118371
572 3011926
59 281
936 1338724059
882 349151819
814 141870966
811 112802859
34 91
383 92474
294 21137
532 1505497
480 511447
211 6984
26 69
678 17846957
475 397328
586 4538151
635 6806621
526 1222533
272 17694
925 1083709799
805 96205259
654 8352338
693 26702500
458 214177
1036 1903591117
320 39746
146 2051
301 33941
156 2464
964 1527555104
863 309304094
214 8528
856 252875390
789 75734956
478 490091
670 16227641
558 2371175
763 65491293
161 2825
1009 1654383502
471 371755
107 858
4 7
667 10990201
166 3483
734 41559302
101 638
1078 3120059819
208 6553
35 99
433 158012
454 203947
126 1264
538 2125663
46730 117
279 3923
803 55580805
62 126
817 61577387
888 170770861
1163 1246718720
400 20469
202 987
548 546368
705 7967843
962 252541007
571 620392
1072 526110992
649 1949049
636 1665892
671 2587246
230 1322
769 22246322
715 9988182
871 122438460
1085 674628109
42 63
923 191590252
748 13917735
416 28014
1143 1066407851
617 881083
1292 4146218035
341 7754
696 6315568
1060 491876244
612 794141
300 5238
369 10350
740 12695975
622 1147225
797 52858661
789 49025194
457 61624
1252 2297231538
543 426768
516 197484
523 246800
19 26
277 3071
726 11851339
627 1475441
1215 1774676041
1104 986743425
472 84192
129 362
462 74153
1164 1339236857
701 6972494
1 1
288 4189
193 806
443 43197
1253 2761282876
223 1136
441 35218
405 25301
1291 3613919932
1192 1387481362
1289 3193278078
1132 1014619421
879 131193651
680 3890465
654 2126543
352 9021
784 38204293
13 15
1235 2228014080
1099 929801869
271 2405
833 80497287
375 13162
527 320696
718 10606710
508 131117
989 331883880
492 120955
43 67
1199 1681296954
545 500554
1219 1782664956
456 49378
818 62009125
54 96
1053 441063324
389 17430
1023 344064301
1097 781692222
782 33757630
611 709449
106 254
272 2444
854 106323244
691 5125597
1220 1984566882
464 76821
326 6193
766 18375801
770 28031880
678 3302968
327 6993
30 45
190 638
1025 418208917
321 6096
477 108204
1203 1691667255
260 1913
541 361529
510 156913
360 9413
947 207306516
41216 101
178 4288
249 19946
191 6860
571 4485555
263 31751
677 16802129
894 516807678
440 693824
612 6319041
920 682012733
683 18480820
626 9248485
942 761133473
818 105871389
120 1228
394 455577
1024 1346312578
1048 1834793820
334 154449
44 268
376 352462
1028 1649356898
356 237279
266 45673
445 1067951
778 79948001
568 4261546
457 1399963
532 2135118
14 49
719 28896725
764 58741396
69 689
336 191435
1072 2982768187
245 16644
365 278933
1082 3715079589
825 154526801
172 3410
774 66578272
458 1689358
561 4019883
552 3196362
838 210315860
1061 2547400102
686 21268742
279 57726
575 5067682
1059 2449814283
734 44119380
283 91961
182 4768
25 94
875 401331504
824 126230869
842 226921254
852 242514314
929 749409709
382 431652
302 116918
1 2
169 2559
653 10029205
588 5372483
826 176694966
170 2657
964 898648439
55 454
209 13169
4 12
684 20993888
547 2538179
29 142
197 8382
740 50966065
280 74711
186 5995
1010 1207150025
620 7154991
53 405
863 313941243
728 35028287
252 24973
371 333084
205 10007
657 12360065
81 812
608 5897549
1003 1026136790
59 542
33 199
265 36617
671 13366050
959 822157308
407 523422
1035 1737570903
149 1961
1055 2074745702
442 883943
823 112160706
41017 109
449 1196438
1114 3486221947
41 253
186 35939
262 108543
479 1776585
647 29885708
570 7021681
788 220866122
868 340092160
795 245826085
751 124930361
481 2191482
628 19778221
128 10309
493 2401467
49 624
539 4161021
1 1
780 179746869
526 3833747
343 656529
752 127149560
40 244
955 676575799
301 299652
414 995624
11 21
141 18127
547 4878021
721 73000654
452 1279683
213 53855
270 184034
882 419456392
394 760495
32 138
1076 2342190662
655 41948851
327 485358
458 1660933
1041 1092822317
83 2382
246 70871
760 150471180
22 76
579 9148212
266 142370
490 2259974
621 16653883
1059 1684330812
19 47
52 862
860 322931876
714 56701784
988 875744848
736 119201695
159 25517
722 94838869
44 348
651 32994177
110 7386
980 842358901
680 51271737
127 9987
974 746784179
100 4823
21 66
807 277112358
1070 2151428203
276 232895
95 3580
602 12942215
644 24929301
142 19216
1126 3704371751
405 958130
943 540978526
104 5594
872 382363959
210 44429
251 77909
675 48681754
140 14848
249 72287
444 1151785
84 2737
46 470
313 384531
195 39934
38 207
71 1603
257 88017
436 1048722
365 703200
704 54529262
76 1746
94 3309
518 3145266
54 1022
553 5287240
593 10979059
130 12815
1108 2779418649
767 169611514
4 6
398 844115
81 2083
1054 1422949741
48771 110
1285 1298420346
1324 1958549931
292 11865
951 15247686
77 263
14 19
403 45830
109 734
1158 327131743
1 1
822 4756837
337 24436
737 2111609
1436 3771830794
112 862
870 9540432
641 771727
890 10594087
727 1794160
1157 268834973
362 32367
608 497388
698 1479351
270 7384
1030 64966525
526 263552
490 141739
1011 34770035
988 19530360
734 2078833
554 329767
651 993640
813 4666864
282 8933
789 3361607
1229 604632755
180 2810
968 16831768
1020 51632907
426 79477
971 18264435
597 455909
624 737819
491 183351
1335 2288162642
896 12865773
1038 98475414
1077 108761228
22 38
176 2581
687 1173648
1257 697059048
463 109715
613 601077
1419 3288313294
1185 512265115
556 421622
504 205011
847 7493856
416 59972
913 14234309
1289 1344250035
840 6329750
529 301301
148 1524
41 83
477 114710
1160 411892399
1081 158967461
1035 78900488
1358 2743778896
213 3966
1418 3178606262
316 14600
221 4705
1267 716906411
429 81872
1013 42666297
1005 29015027
1083 161227091
153 1585
94 414
64 184
1012 40567520
43 98
717 1632198
1088 207087648
1003 23652707
175 2115
740 2657529
333 19573
269 6158
361 30277
881 9949905
856 8270824
1078 136639620
1270 806583369
131 1224
1276 1041918727
1086 202360393
836 5993693
453 92960
1321 1514179433
1366 2842500144
59 145
1200 584344403
805 4387273
1064 106311960
200 3227
106 603
44938 108
584 1461889
135 1240
747 8110231
171 3993
89 379
540 628711
512 353948
88 311
542 662523
672 3446820
1044 1760267593
979 279357788
349 23273
46 84
759 12188248
633 1658988
127 1079
554 868583
978 267619541
519 453446
576 1145946
754 9863947
1123 3559978703
940 102487860
924 81521101
356 25173
463 97799
819 19019562
678 3710267
51 115
967 214165495
1041 1651324676
1024 1352302480
1009 701726913
681 4041779
141 1507
150 1946
907 66265324
507 239847
1016 795281815
217 7145
57 162
377 38335
1110 2712287984
668 3007697
960 148989960
1124 3734558493
466 112072
1019 1080561608
142 1593
236 8759
737 7193087
638 2017831
234 8341
945 124636921
1 1
872 26909606
732 5277943
896 52120227
985 354449980
4 6
471 140984
875 31462566
1030 1633402862
568 1038236
363 27897
824 21319252
891 42771082
202 4968
145 1881
419 57439
904 62418842
295 14962
213 5943
237 10397
370 34579
429 70762
475 171193
333 17589
996 488985948
641 2460015
938 84306930
497 184799
122 856
1091 2138774037
970 237092747
845 23193825
393 46863
63 221
986 394210214
508 305430
345 18698
961 181241473
768 14953335
536 480502
35 55
879 33901525
552 823381
159 3153
157 2582
1017 879814803
853 25452256
731 4515652
580 1256599
1007 558834650
733 6367781
98 447
104 568
43715 110
505 401909
766 8951261
313 20147
1118 2604398804
936 202178681
645 1717148
889 78549096
858 51550778
72 225
915 123977909
843 34245469
305 13397
878 76478542
101 675
831 23400296
98 528
159 1675
56 99
439 132530
789 12023848
71 211
997 607086924
1016 688806654
1 1
73 260
848 37828910
525 494429
1041 884885121
467 194542
921 159362596
186 2835
322 30641
591 752054
308 17514
908 113765863
824 18764326
285 9199
646 1867293
982 571544512
694 3048453
949 287821531
80 314
341 44789
57 123
597 980931
518 456479
761 5431090
1089 1987517508
938 243069018
92 421
762 6989574
647 1913263
903 94408764
153 1354
183 2541
328 40473
154 1576
788 10935929
567 573283
719 4100756
978 475843599
643 1322011
810 17822853
619 1145888
970 348311833
825 22669783
113 911
360 64379
346 50340
1042 948227166
963 340873597
27 37
483 295596
872 64232755
66 153
609 1088910
1116 2337625968
977 396439484
229 4451
907 103979666
180 2144
296 10291
479 249401
465 175837
404 79520
1132 3098193926
347 59901
15 19
1061 1509925251
233 4938
585 671054
282 7019
898 88925518
1056 1234227653
918 146355657
428 103278
660 2485378
78 294
757 4633186
849 43185692
297 11607
869 58392508
254 5497
932 199497263
804 15305586
504 394082
834 28017115
318 23471
1166 3320159950
1010 679854085
44968 104
842 9390020
870 16240609
987 62693440
282 6901
1382 3295067041
1075 152171440
1239 898335222
1173 478159508
1130 240568613
252 3085
234 2097
1252 920766892
721 2693933
1214 666949141
1235 694626863
1159 405416845
1 2
596 360433
65 217
1179 578287273
868 13934262
1289 1075136159
328 11180
953 49987841
1084 169617556
1055 135785653
118 567
522 155411
523 173938
668 1604989
525 180021
914 32063573
225 1721
996 73037103
769 4921825
391 38688
239 2539
628 704215
1340 2831093513
1121 202504451
630 861769
1311 1590109712
579 304740
427 65849
1021 110840823
1147 331958097
1299 1446445675
304 9201
38 101
463 86103
344 16074
388 34428
773 6127662
1183 609082169
1013 101376829
190 1212
1006 79337164
1322 2207313638
335 12276
287 8375
670 1748094
1284 953478659
387 30189
559 283575
279 6082
742 3874426
637 966873
896 20068560
940 36731876
379 25868
166 972
307 10309
1135 259578096
23 54
597 437632
531 232210
729 3049177
482 92773
357 18323
270 4936
818 7808471
658 1242973
906 25903775
986 52757525
59 177
1086 173188229
1317 1792066292
57 165
404 47869
264 3921
21 45
944 45394519
806 7223684
676 1942545
685 2364385
1298 1300752129
1293 1124483336
846 10881811
97 394
498 115816
616 575616
416 51075
372 19636
587 315577
47167 117
1081 332984459
1156 946332033
44 149
319 18527
232 7434
1142 672672857
828 18474960
798 11371321
938 89549884
1212 2222310683
151 1048
1048 209212072
464 411268
578 1098393
165 2311
1153 848983593
943 98432437
452 255035
869 27049794
656 1978718
1167 1129859419
915 54584033
661 2161352
95 397
606 1691126
1092 398958407
475 499816
387 67560
747 7260822
1217 2814523748
338 23250
871 28424843
451 205540
598 1264899
920 60071773
711 3807060
347 31662
804 12845012
381 51463
706 3431915
559 769410
214 5012
206 4688
963 110308284
181 2667
1214 2658159732
466 413561
1076 277970546
877 31149121
107 558
454 309634
678 2274040
193 3707
1206 1899288619
1141 568119088
25 69
1195 1540115481
435 152519
161 1410
770 8500214
1194 1424393987
1046 190755619
422 110717
998 135643656
1122 468731201
356 36440
17 41
192 2962
556 763804
538 576615
1079 314568004
1151 740416990
303 16419
787 10356996
698 2443973
163 1855
882 36680092
384 54617
426 119973
937 75750051
154 1187
141 871
97 477
14 31
1097 450854585
124 695
739 5824571
735 4967607
1078 281835979
913 44062554
261 13441
262 13617
1033 172337114
602 1311080
1222 3589241000
251 10920
704 3375747
430 139204
808 14029814
1052 245134085
404 89824
569 882614
336 21759
249 8992
389 69970
1140 502436238
227 6868
715 4076876
372 44487
699 3044418
344 26444
400 77421
40 112
1035 188160577
848 21746601
1 2
745 6263355
42568 92
691 73357398
314 204931
912 1061940821
283 101189
111 3053
41 298
497 4118101
272 94479
351 648119
236 42125
675 47957622
957 1707695602
240 52256
425 1607689
386 1067547
27 88
28 112
889 693318663
975 2994021707
328 316408
442 2996376
527 6642597
412 1266426
146 5365
162 12317
698 76885820
181 18766
777 183505800
367 917147
1 2
259 62728
547 9707168
64 603
175 15052
106 2488
355 789030
634 29769937
658 39343845
149 6832
435 2464998
884 648785277
295 121501
5 12
161 9434
119 3867
763 125523200
338 484193
676 61359758
717 93595165
599 21526687
307 159127
254 60494
35 202
559 10481664
98 1233
234 35449
928 1317996893
567 16097958
266 82928
32 163
828 381629240
575 17757522
560 12604281
498 5120553
145 4775
953 1391743363
325 269693
239 44720
782 238086841
855 491677598
965 2158154568
352 689122
393 1132804
616 22323815
969 2723292665
914 1099881117
766 162673217
853 439286925
434 1934873
20 51
899 900833079
415 1483601
335 409166
101 1592
84 1019
916 1161016238
543 7828317
210 26557
789 307583015
105 2145
981 3373312727
518 5886697
45259 109
1244 3897372758
713 4740728
532 238044
1215 3187326158
879 25860846
916 46696091
919 58527743
1155 2141557892
1 1
936 71449145
474 163708
486 186278
519 231016
383 30614
848 19848973
855 21265222
142 339
1013 296482755
126 254
105 149
543 272276
423 94468
393 43072
1051 516856434
554 408374
501 213230
127 284
1115 1144523058
695 2538412
999 194283943
1130 1711801358
976 124178578
717 5336935
146 421
1044 407295928
987 144198552
655 1511012
1009 230756941
726 6018580
397 49355
116 199
68 93
706 3549188
40 46
557 637263
712 3903456
885 30776558
975 123296399
822 14855992
420 72710
641 1246590
215 2035
206 1582
460 133190
699 2806874
123 219
213 1664
1038 360470783
1146 2041262830
990 175396684
1192 2710228278
316 10671
964 95344327
741 8824261
734 7125382
818 11373942
622 956413
330 13565
180 893
1117 1412650244
375 25305
549 381955
165 604
277 5302
255 3127
1108 877724784
827 18678184
419 68724
317 10871
218 2103
484 182534
337 14719
680 1970428
661 1550573
629 1187596
190 1104
556 529793
1195 2942222364
228 2721
339 18497
177 788
906 33274492
749 9323602
189 977
1075 669262737
294 7308
883 28601416
647 1354857
259 3967
44 54
546 347488
200 1316
915 39813314
163 484
398 58097
604 782613
304 9584
1026 335036027
385 32827
43905 104
980 447970928
815 32978352
973 326883598
1086 1109832149
975 380197774
841 44395758
1029 843884403
166 3894
645 6724955
934 129533222
206 8601
354 83545
1155 1594198862
138 1287
873 69635721
347 51558
999 504958637
908 107090372
280 24771
1249 3846983849
569 3466052
14 21
670 8849765
891 85951691
547 2171047
134 931
1248 3144140176
79 234
146 1763
689 11221447
1 1
117 590
285 28668
1240 2489811404
196 7253
1206 2167366300
835 39622199
745 17438602
1220 2400889368
70 161
284 25692
71 209
796 25386440
969 306959940
99 346
232 13654
1151 1567199368
450 432711
1131 1284877484
801 26883086
1020 723997791
182 6066
622 5523509
944 164504045
336 40102
628 6149506
104 450
387 217207
381 165189
397 284645
456 501202
426 376292
136 983
867 57475660
155 2580
349 64097
259 19831
902 92179391
15 25
1011 526664567
160 2672
529 1496376
241 17270
700 13297724
1136 1376513968
149 2245
882 71652272
866 52755386
466 515554
627 5796767
137 1076
1178 1858629942
558 2766481
467 661218
1028 777239808
502 1092499
1013 576065192
413 329611
655 8014015
163 3430
5 7
362 138535
127 822
945 212641822
535 1721078
596 4484507
749 22312154
952 275820571
171 5184
226 11454
860 47701065
47 88
497 851713
359 106490
40138 113
794 4766623
1098 297917039
1253 2918692479
1 1
1004 172028259
749 2193827
1280 3736321278
1261 3082419982
59 216
950 133787028
1163 751611123
868 27591027
272 3530
1197 1344985491
384 16902
1135 390070236
767 3000330
706 1166195
149 1252
1061 233806727
842 14237391
151 1342
476 115155
928 67501125
473 92518
637 770397
312 5435
1190 1045504171
1054 222864055
1248 2771520653
946 127210633
459 72040
843 18125728
934 97176117
296 4487
714 1433250
664 1012828
450 46732
131 976
1161 668055938
901 36051710
1149 454850461
850 21013993
1216 2157733640
659 902484
20 57
575 279885
453 48485
908 44837555
592 356381
626 697678
1201 1680844311
1083 258542056
383 13425
37 124
803 5834974
533 198735
650 880545
158 1618
792 4097973
572 222294
316 6253
1001 158213171
1088 291245165
474 100670
444 33831
1204 1922534834
534 199315
5 8
106 536
18 48
1237 2239013200
945 122927449
722 1627319
977 140706361
340 8530
448 35901
170 1951
725 1976067
120 860
286 4306
116 677
980 147866925
810 6926679
623 651134
397 21472
370 11850
871 29098087
856 21923349
948 132489502
612 462526
98 451
837 13064973
322 7613
791 3346985
1300 4017502056
458 57997
933 76412415
268 3341
823 8478111
1189 880463074
6 13
1011 177388781
441 28664
761 2802605
1150 583906088
915 58156239
111 602
501 149251
613 584018
123 902
830 11057812
829 9332000
41673 96
726 234968851
292 134266
162 9204
123 5814
743 312288720
695 204321591
47 446
354 916581
207 25019
812 692186142
646 45290891
672 95657741
460 2715348
341 508755
111 2906
243 67599
459 2278502
10 32
670 82867455
882 4167649126
171 11014
218 26565
322 244870
56 642
285 122418
414 1505862
397 1254980
766 562397649
636 37852726
4 9
866 2214943313
584 25317599
347 710696
107 2157
380 1142233
555 17942317
852 1472429846
1 2
859 1738413366
164 9439
103 1985
466 5081739
229 40136
826 848951278
46 343
745 369822028
764 527628777
667 63631872
738 305415013
342 542900
281 115097
235 50741
173 13034
641 38995628
268 93361
100 1620
464 4151631
706 217981409
664 49121401
880 3252718882
786 582637366
878 2838875315
441 1701436
491 11828800
309 183722
338 413871
539 14694891
43 212
675 110627875
7 20
17 82
484 8734683
256 87404
222 34417
837 999313408
488 10717615
750 429952366
122 4493
115 3405
845 1160700794
481 6998724
564 23664909
61 808
330 322267
688 155859364
44 278
463 3499043
603 27783192
85 1362
11 42
604 29064132
558 18830060
677 129335949
469 5877011
607 30935558
191 18071
48886 109
1178 307081205
638 1318051
1323 2108191052
1052 129378280
259 8739
1368 3455129800
1309 1992731952
433 81968
287 13240
56 154
876 14597931
1263 1553515035
708 2652320
1230 955959169
814 8763743
585 623845
451 134033
1366 3055017239
1189 359543806
779 5519011
1221 776396868
33 59
457 201741
606 1013486
280 12578
155 1346
898 20694788
594 817154
288 14440
165 1816
181 2372
1274 1590668546
103 465
781 6714855
664 1522618
212 5673
339 23733
665 1565305
189 3576
912 24958245
1015 88448075
1339 2365265317
158 1516
1050 128805967
490 238451
732 3840813
706 2161475
578 538716
769 4522649
1244 1515856248
968 48173286
506 281319
917 28389937
130 891
392 57499
269 10697
303 15363
1131 203278934
390 44399
687 1883040
806 8240452
6 8
570 487495
512 306995
104 549
195 3970
631 1300503
711 2729544
251 7352
1009 81653679
531 390619
835 11081185
998 69215379
356 31615
452 174337
182 2687
336 20566
196 4268
1289 1926934782
1242 1183364515
1219 675001572
882 16236510
775 5035424
669 1747563
589 731084
1100 161809749
1040 104536552
1370 4173220970
317 18980
538 436352
1190 448567160
980 57630654
450 114822
211 4880
100 443
89 328
39 90
1196 545734386
1157 241591590
193 3817
350 24613
436 88995
1 1
796 8131609
1099 154808346
773 4882166
963 37619868
77 241
725 3139768
40868 106
201 2192
138 886
467 31755
878 20549851
67 160
1081 366700614
1107 399141302
722 770671
396 18796
740 1478479
759 1799919
141 1012
520 68325
653 330745
152 1299
1126 832212143
1060 342383936
844 10340985
436 20715
1111 641560559
247 4196
1175 2137717839
882 26668401
983 112225504
1041 210929434
437 22869
1168 1790135240
726 879418
949 95862256
1027 170015105
892 35134840
821 5637510
1164 1668841059
941 61358001
1231 2752285806
818 5115974
788 2998183
918 44844990
925 51299283
1058 280121154
562 110765
979 100060320
728 1091636
512 55874
549 92556
361 10500
801 3496467
151 1143
109 441
393 15561
727 1003398
61 121
1170 1912677501
861 11643954
288 5655
841 8345049
945 77519477
814 4499326
1 1
479 38652
593 180023
113 581
315 8247
671 416234
496 42336
237 3490
500 51859
1022 155523371
601 208740
1142 1313203284
85 268
304 7403
588 141818
456 28999
24 30
619 255091
1015 124967557
81 202
710 637993
840 6505039
509 53031
1139 1046871259
545 82319
55 86
1055 241097031
471 34217
367 12956
730 1412061
169 1455
651 310634
884 27788795
873 13289858
1232 3556085349
1109 515686503
916 44169831
1184 2430243949
594 192896
672 458818
700 594127
780 2295933
211 2707
1226 2714832455
295 6477
128 693
875 16108998
1017 147325483
46652 114
692 379637
853 2327262
1194 412268964
1006 19783989
1082 35185343
865 3675885
1114 50397965
221 2583
444 49194
510 72799
141 657
508 68960
631 179493
1299 1054239110
155 941
737 541428
920 10241177
237 3013
677 235951
278 5240
602 167643
375 21908
1173 175337747
806 1544244
401 28972
953 14191605
842 2260720
67 113
1 1
805 1424818
1191 265396205
1088 36253584
1351 2147563170
522 80317
1184 218218016
385 25111
293 8452
219 2376
536 94516
1337 1534817276
1187 233408170
913 8591762
687 294989
164 1098
1332 1300814168
824 1709550
924 11353608
1294 931909887
1050 27949979
531 91752
1283 759544146
773 723474
104 285
145 837
284 6705
1115 52234955
801 1065983
912 7892472
345 15200
69 132
681 287278
783 824691
1154 103472229
542 104870
1144 86598359
880 4183900
118 337
218 1950
436 34157
856 2932132
441 39374
152 883
123 548
992 14986105
1320 1171738062
1093 43808551
196 1396
265 4010
10 11
1379 4105997875
78 193
889 4825731
1193 340469989
751 601238
451 56746
29 40
66 99
1271 622512125
626 175291
804 1112401
1376 3370055590
1207 450454759
863 3131583
258 3356
1159 123907297
891 6474986
1132 67167615
215 1614
121 420
720 448372
367 17372
1075 34836199
107 296
1032 22680651
890 6062066
1267 498752248
294 10898
1002 17367180
575 122420
1346 1875333416
1160 158464219
1359 2604782204
1377 3693622502
597 136580
47919 105
1528 3828718386
855 8811476
459 149824
1019 62213728
211 2163
1007 55612024
524 249834
232 4035
518 242225
260 8116
1226 315523819
252 6114
1192 256028654
920 18584675
678 1265450
995 39065338
310 14952
689 1401870
784 3945937
1041 98916150
997 46971610
22 55
789 4189048
699 1662828
1396 819836525
312 16209
879 10402710
1429 1297067648
898 11649481
1506 3008570452
1137 140985292
981 34091053
567 602509
1188 252760562
610 697820
214 2687
629 903406
1419 1163940989
68 200
425 61964
550 440485
1033 69309631
1319 431071163
463 164844
371 41916
1494 2855672708
196 1566
1252 351739316
730 2088225
439 113116
913 15062579
783 3400930
1377 639720183
666 996385
817 6806227
420 52625
1098 104492138
208 1943
1 2
1492 2400293867
342 25989
712 1907923
240 4511
179 1242
1479 2319403025
392 45595
807 5497599
957 22783146
1205 278300682
225 3422
1128 119751633
1145 174734340
765 2229975
1369 490704432
512 232714
144 806
73 272
1417 905157126
1447 1683026213
428 73023
442 139046
543 318277
503 221311
352 32191
306 12917
267 8784
559 473405
315 20642
977 26979852
353 37737
782 2620728
99 421
434 88565
269 10039
1452 1775045999
1167 209607423
101 497
1283 376938202
401 48208
1038 84166652
319 23535
938 19346876
660 984897
545 338761
493 183693
43210 99
137 2401
317 47975
1134 2928735901
941 192973802
9 24
190 5313
1087 1226046627
397 153653
462 401260
332 59154
264 23595
337 63770
1 2
99 861
479 561168
133 2130
351 81554
1030 582075408
944 210529791
743 11183644
104 1394
790 19132842
227 12158
987 283482410
614 3402649
918 123465421
890 59942238
461 341773
863 31698578
403 213943
1028 458389755
992 306120126
55 299
69 436
445 265901
263 21515
102 1083
700 8085385
254 19596
52 250
279 25517
1110 2262897306
199 5937
591 2593656
253 15139
496 631321
443 237966
79 626
163 4326
211 9439
695 7229414
14 43
42 146
766 16714311
208 7995
157 3329
471 463415
897 77190723
33 111
401 171357
1171 3577152988
225 11108
757 12986632
931 155789344
543 1471378
998 341625188
832 24017111
625 4715447
905 99813377
621 3831633
239 13726
372 105467
101 883
888 51413083
967 274083086
391 139333
880 44489484
47 181
1017 430249748
705 8185687
1103 1712183645
1091 1285393609
949 259449819
126 1706
1060 760257650
303 39939
1055 725234154
1106 1736685821
876 34504233
563 1955486
530 1132293
1092 1425803639
285 33498
854 28732421
669 6380403
1086 993690824
526 744991
707 8835605
527 869369
43364 108
238 19002
17 34
141 2604
642 8121397
508 1798401
999 754242362
222 11274
423 541238
1053 3032984431
831 45433253
98 658
428 616313
939 226121293
225 14368
410 286855
1066 3400442582
416 446793
560 4105710
315 87583
74 337
1031 1476600352
986 599483027
954 399691168
511 2182989
640 8027162
693 12643306
795 34522964
952 351285587
374 184022
872 70457606
1010 872024898
891 86885862
404 239719
590 4961959
927 189975262
289 33271
1014 906758211
1 1
369 160034
1042 2127351357
177 6802
828 42163145
22 51
301 44850
846 67976098
1061 3193155265
329 123995
104 908
652 9581204
310 59876
130 1983
51 189
947 292798541
119 1613
131 2053
1030 1225750179
833 52384749
908 146442468
464 1281194
468 1452755
794 32860715
325 101166
655 9962612
38 111
159 3805
453 1004174
894 112485692
175 6061
811 35404436
561 4706528
88 412
960 491336487
174 5676
350 139776
314 67776
215 8500
165 4224
93 509
1079 4015711568
520 2486808
13 22
267 25117
32 78
768 27813388
10 15
558 3363999
773 30481895
1051 2391755419
111 1210
767 21545548
626 6981587
236 15807
89 484
615 5604294
299 35127
606 5269550
137 2471
671 10307458
901 115339970
375 207039
1021 1134944722
173 4925
1034 1663084800
757 16866501
414 353604
437 771046
933 218378560
132 2178
44645 105
203 3178
942 702658431
837 148418646
155 1317
874 211146672
36 133
34 114
1015 1668021875
719 25205430
1086 4135141971
561 982242
591 1561883
992 1229388755
681 18729072
667 6870127
842 155141509
494 236710
785 58104109
981 1120133668
763 50805195
909 455945813
894 306810697
80 386
532 481893
265 9915
300 13118
1029 2505527446
549 798165
668 8351038
673 12032942
908 447522938
650 3549793
1105 4265908337
994 1309975659
27 65
56 217
669 9232257
539 655204
952 816051449
409 106097
641 2249058
341 46654
380 75243
923 600233266
374 58919
826 104029844
196 2481
803 82859933
114 716
503 313169
308 16572
316 20964
836 122964866
663 5342441
1 2
390 92002
852 196364308
242 6889
211 4625
676 15104854
758 39106491
585 1274598
905 368042325
801 68834495
332 35306
243 8531
326 28761
643 2841743
159 1667
32 88
965 892246288
614 1920416
805 90299819
1025 2170412173
587 1514209
834 117518944
1058 3197512182
1031 2808137347
132 904
985 1171994712
335 36424
687 22985171
206 4093
666 6141001
664 5522540
177 1871
734 32908060
197 2699
768 54216045
508 333001
797 64574432
454 136457
324 27259
888 258617968
470 176997
354 52325
235 5618
538 554035
527 441192
96 557
659 4179282
224 5301
540 739798
1069 3331346857
1050 2914521151
45553 101
807 41624321
1268 1196294812
435 106665
1325 3415867987
886 80135025
1131 469608610
267 7117
762 17644154
483 266895
568 534762
1158 486735094
984 172617076
979 136342881
743 14775885
268 8561
703 4726561
310 17453
622 946828
149 1273
67 241
915 100739843
701 3982333
171 2083
202 2794
865 62800300
72 289
351 27886
340 23900
790 36611634
280 10389
1277 1553759450
1028 209923685
478 210213
394 61443
655 1743232
1308 1902886812
742 11636032
988 180590111
464 157559
638 1285887
1222 797092802
206 3153
708 6012477
1217 668551407
372 41656
715 7907633
41 114
1 2
404 71874
908 93040075
358 34386
25 55
784 28612489
597 781417
1191 541281440
1195 562715886
229 4375
1320 2976308792
294 13386
492 339426
1311 2444424354
711 7535320
769 22065380
466 192519
188 2425
1263 1021176633
82 368
699 3600592
822 54577786
241 5074
63 209
462 131532
616 859266
417 85251
676 2954772
524 394345
1110 415106123
651 1587988
32 75
1179 517975765
217 3722
330 19851
146 1038
684 3303217
672 2397534
227 4311
1093 334895087
723 9455980
629 1090662
299 14080
144 901
1227 834884752
656 2058980
553 492988
391 54942
583 656234
571 537971
165 1658
83 483
430 96838
1035 264960951
42390 113
292 3347
446 25204
1208 305245939
1050 65991005
277 2726
827 4410332
230 2118
979 29868244
459 38803
1351 1409789535
1419 2712804259
1227 502060709
22 26
1422 3236686861
527 62440
542 109153
619 476985
1040 58380914
877 7023920
563 146898
137 540
474 51340
1150 178657344
639 700862
905 11570916
454 31199
932 12890521
990 32030276
279 2792
433 22650
967 17865098
389 12637
776 3152588
1387 2306358030
388 10406
768 2917039
1324 839392098
1205 245591327
960 16506706
1400 2383062503
1224 400847537
1329 1041559148
864 5652554
408 20312
401 15780
1018 36424735
1315 831692368
1340 1166938068
188 1404
1191 234242525
57 138
727 1521227
1020 42623459
379 7617
1149 145586067
185 1029
40 62
565 165137
574 223584
1032 46820305
787 3550289
953 14224501
804 3762195
299 3819
160 870
625 519685
719 1407440
1056 79235281
1345 1213922627
529 63305
630 529058
437 23153
571 193776
647 953231
219 1881
633 548010
972 23129726
76 211
1432 4089825493
383 8341
652 1153560
73 198
1212 321179524
1 1
1128 113608618
636 651916
186 1294
84 277
579 288035
890 9215367
540 94548
1218 322817211
583 324393
1245 637676410
530 75427
1170 218051327
62 156
1331 1047304670
1087 97550753
371 5896
393 14702
640 847038
835 5312603
310 4108
780 3480420
607 399339
139 700
1385 1838302315
740 1854309
462 39758
50 100
1291 689188151
759 2411166
47529 99
562 250137
840 6516657
575 370844
1255 1540730795
353 31022
951 21316817
819 3804472
327 18343
469 93868
1188 599107630
1318 2536826227
169 2294
13 34
827 4508247
363 32385
747 2018905
913 10689750
1212 1013799073
129 1097
568 295612
241 5692
37 120
988 52448053
256 8068
1377 3393242787
784 2898717
615 497650
874 7519982
494 126136
1250 1308479543
1155 482694858
417 51325
550 221202
253 7652
958 29658488
81 539
344 24365
1145 379872446
41 172
125 1038
326 14084
405 45069
696 1087498
987 46162260
666 905427
122 867
15 41
421 61594
512 196550
437 69977
1039 88849095
645 753477
698 1322514
1 2
741 1673015
1037 74524814
1056 135818425
855 7350120
914 13451990
190 2707
403 42043
1094 187516882
832 6002953
1086 145322737
25 76
1271 2414135234
1043 106020010
823 4058673
1122 305378462
231 3489
757 2114236
1211 971731307
770 2483107
1264 1919932647
159 1693
63 340
1210 931293419
981 39648249
1118 247347885
1192 776131540
831 5509633
738 1571239
510 168012
1394 3671097644
335 20428
628 567816
488 109949
886 9369659
924 14665607
955 23094729
1012 63448883
927 18143850
5 13
282 10511
979 34881386
453 78766
650 883500
20 55
240 4635
44119 105
175 4951
773 314854110
493 3844072
298 66371
546 17485712
718 107301066
238 17859
326 137114
740 150965137
897 3117965327
825 1035986756
82 858
585 26771611
771 289531291
874 2664380888
33 153
19 31
589 28344319
349 258658
387 847193
23 62
858 1934924138
341 196256
313 104332
62 575
52 386
725 140193044
254 22712
362 346091
58 478
480 2841353
96 1200
37 194
191 7047
524 7242962
599 35119632
366 501388
447 1816614
702 88455007
820 798517363
481 3077717
98 1435
91 1003
304 78804
427 1024951
132 2995
368 650704
634 53057842
844 1567581980
31 110
886 3016375118
338 191928
801 527637385
436 1158925
509 6130948
231 16072
494 4586096
544 15337484
903 3930041154
367 642776
538 11788195
14 18
21 42
202 9900
759 257605331
185 6697
289 47668
609 42074615
745 178361525
757 240974124
580 20754986
829 1137402491
199 9709
681 72246086
791 490126101
363 438898
122 2243
334 168384
47 309
255 28575
293 52130
688 84240608
213 13179
193 7895
828 1132390582
333 150237
42 245
659 68637243
470 2110871
596 30788594
25 73
445 1503827
504 5035149
268 36158
864 2245905971
752 215982477
814 643926497
1 1
471 2619228
841 1232679629
785 474722119
490 3241516
532 10541585
529 8257536
784 369904354
47374 107
1456 3594780346
1285 836365494
345 8289
722 1021073
1179 347347524
406 20466
1415 1947373946
1279 782942126
1108 157917200
1084 82941050
949 14483427
243 1596
1146 232579416
641 260285
1239 579158236
1083 66270560
778 3262097
989 24867848
719 801086
335 7971
298 3989
752 1748940
118 356
1418 2126634114
966 21752133
1154 286281094
401 19999
1330 1004462542
585 91675
388 14195
181 833
731 1293580
1 1
443 29094
333 6510
234 1376
878 8077981
411 22234
1126 198976406
538 63756
117 332
6 9
1252 609235839
708 763293
1447 3025095668
883 8828858
410 21640
251 2266
701 588429
453 34543
613 186202
609 154862
152 527
168 671
700 537672
671 483683
177 729
53 120
1271 626589776
19 36
1346 1345961054
1088 98504377
1462 3778617402
604 104101
1067 50206394
265 2712
628 245845
293 3694
439 27685
525 60198
1046 40232761
839 4550786
1122 175994532
619 212429
1332 1096063564
655 359935
754 1895051
1003 29427534
661 410573
1222 443769064
554 67440
607 123584
1014 32367957
356 10686
1104 134958614
1449 3103226981
649 286518
761 2326183
762 2591036
1111 165741287
1079 59240137
392 15615
951 17924151
332 5173
848 5434851
877 6448051
368 13053
485 46707
898 10406696
742 1357224
1431 2692735326
13 20
906 10731980
82 210
250 1785
1101 118744764
1390 1520433316
44321 106
427 204447
1 2
918 39442911
1162 706342826
158 1893
988 167064932
70 224
122 971
774 17511450
574 1897149
380 63790
518 863316
164 2217
95 521
295 22520
399 115733
1103 263717681
445 240527
1168 1085903978
246 9793
423 159454
297 28165
331 48455
997 208695970
73 257
516 765362
405 124658
996 200078760
633 5010237
1229 1784365178
129 1211
797 25296950
661 5857589
775 20112511
693 10473406
292 21419
241 8080
291 16838
845 35622334
155 1699
324 41827
1140 566325772
758 15839182
225 7023
398 92079
991 183615393
819 27751429
397 86154
257 11477
1257 3863037394
1232 2241230416
346 53421
588 2374896
451 265310
148 1590
788 24515787
206 6386
1136 487790933
483 367428
323 37130
570 1549236
1241 3230242207
958 100660652
1238 2545111710
186 2960
191 3924
116 717
978 148974649
605 3819337
504 471071
530 993058
80 305
956 90465099
672 6659663
1111 342813463
202 5392
93 435
110 634
1191 1347178956
420 131334
19 50
541 1264571
680 7877043
581 2050461
1199 1475660930
578 1987457
959 125468763
505 579850
1267 3986560364
1163 894951337
749 14830240
722 12701879
1148 693173128
937 71325790
1115 366672713
36 96
926 56879111
591 2863440
597 3607148
1213 1622020009
830 34637410
638 5493329
12 27
920 50018623
1124 450278575
685 9350300
44518 99
1084 542415118
927 74489358
1100 581774140
548 872713
976 101318013
1125 708691009
487 191744
1150 919802493
993 169879402
462 107536
718 5641726
1200 1516447075
277 10182
1044 397127532
121 1413
39 119
827 14403555
336 25036
170 2682
720 6682109
1057 508651091
525 372010
543 617415
21 51
524 331525
223 4682
882 29656882
146 2056
711 4291424
900 49885532
997 256228496
768 7882618
528 481934
694 3943364
122 1590
497 206033
660 2898927
832 17107530
878 25674971
27 69
253 6680
431 89151
147 2229
1016 319551365
1 2
1225 1941398937
420 63031
532 520745
16 37
781 9655390
180 3153
792 10668562
676 3200979
86 757
652 2398473
279 10518
293 12041
67 391
1256 3242324203
715 5156484
646 2136578
50 217
609 1453461
838 22524537
743 7506574
1235 2456053811
1268 4169461874
270 8984
643 1856979
330 22818
56 315
322 19671
794 13249926
689 3696618
891 38426695
476 149018
535 531586
1157 1077477328
995 220859585
337 32456
574 1053847
307 15619
372 47478
980 125309025
120 1218
991 141217050
110 1105
104 1027
473 117585
1179 1300679913
639 1705552
922 65355231
515 255970
358 37171
836 21811746
544 714868
46 155
427 69550
84 626
41215 109
322 46854
471 249511
945 460023184
767 19741241
8 16
506 497186
488 334642
546 805897
97 586
713 8725327
1 1
908 227453955
37 87
798 74629654
337 51830
785 32592926
447 191246
246 13126
192 5301
1113 2411390004
183 3043
802 85945582
169 2085
787 42133318
409 101214
813 98054824
637 4064273
591 1913686
10 21
1123 2923176123
755 15187129
77 317
272 24773
551 1237850
127 934
590 1796735
497 456109
628 3950817
788 52220737
614 2678110
184 3914
1077 1438481594
270 23268
1061 1342486918
623 3725876
846 129886835
303 35114
217 8062
1110 2084300012
541 681295
4 6
56 191
1132 3725542413
486 300680
1003 945915941
141 1406
978 577282430
929 327297716
989 749043987
114 762
1105 1832537219
618 2992257
897 177888839
429 120764
1032 1215200892
898 220018805
717 11162484
835 119880920
994 782588343
187 4625
647 4798530
1029 996785406
96 479
773 25097430
1128 3268071472
49 142
155 1689
800 76060200
640 4477457
704 7324829
102 622
654 5335769
729 11528386
737 14520480
831 110229819
933 385434530
226 9346
833 112733858
804 90191411
434 147820
607 2355525
178 2735
366 73364
547 1017222
681 6296714
491 368610
291 29454
203 7040
882 148453342
913 287489600
260 18709
80 342
250 17051
348 67122
92 440
571 1560382
597 2302387
128 1030
793 67860460
42223 107
265 14352
761 97156811
499 1418788
605 6455131
466 558330
886 752755671
344 66518
678 17763048
68 414
226 6015
30 148
656 12402228
875 613909725
154 1256
269 18653
229 7909
730 35402149
245 12167
78 541
743 46524557
4 6
566 3674897
671 16591047
636 9537934
899 1099994691
238 10149
25 82
942 2565082424
669 14026297
581 6037537
419 226980
919 1272109488
1002 3119451498
15 33
242 10833
298 27011
917 1234385109
166 2135
230 8570
717 21350417
832 242208242
541 2008486
1 1
393 158031
310 34784
938 1990166957
270 22052
748 52743418
727 27421584
557 3598622
862 549263467
890 866139570
834 264804916
352 71382
831 221459388
892 950400304
340 56721
66 361
693 19629750
425 342977
545 3120169
262 13092
941 2026258566
473 755700
470 594179
843 337206742
844 415825930
543 2595378
14 26
478 947388
420 265179
217 4501
41 219
750 60670057
441 431594
777 115537616
845 431089621
125 959
514 1677860
383 130525
801 168008109
934 1562801253
267 16519
199 3922
739 40609374
24 67
580 4889836
17 41
570 3994801
650 11448473
392 137060
778 142382344
322 42737
805 195743392
985 2858670552
158 1658
167 2615
634 8313323
495 1089871
356 93731
754 75266395
471 672013
28 114
937 1643858731
1003 3557167188
431 402732
403 209953
48367 103
1021 264875783
846 25835579
820 20776981
86 546
134 1348
285 9342
572 593305
37 137
1131 1454668718
370 58522
646 1849437
1191 2622125138
1205 3752209165
858 33548990
427 99179
777 12799094
118 948
602 861068
593 801891
864 37596376
724 3707589
12 25
1054 407248765
1013 224230222
272 7648
162 2037
1128 1208449824
385 77074
242 5874
628 1219936
581 778705
775 12679470
1125 1018543623
337 18586
818 18886859
176 2412
492 247505
736 5664653
750 7279804
445 121947
647 2064545
1193 2981525228
980 147786680
1052 328025000
1070 456597407
543 359132
521 306470
1180 2315821358
717 3246527
181 2978
125 1093
1025 289353191
1178 2246079217
894 52174770
640 1591648
265 6601
232 4937
72 353
1122 890618991
348 24339
991 163558792
34 96
783 15994253
728 4718651
945 99971759
918 81993816
551 530854
450 146163
870 39734085
993 182589110
387 77942
726 4198768
471 234801
772 10116321
367 44868
757 9160089
1148 1638530365
359 28987
604 1094199
365 35544
916 66690091
729 4951079
20 45
548 411612
758 9638489
47 202
467 188622
301 11335
331 14686
1 2
566 554892
1094 540461084
466 152535
969 120980280
1120 701599337
692 2734600
1135 1460113928
1176 2079264991
64 308
1096 619593563
827 24821524
903 60779522
875 46448066
45924 112
1157 734224587
935 100788593
921 84580161
433 124169
424 96027
852 38970181
1034 348385961
617 3329458
858 45969447
724 12615408
464 321546
90 445
331 34469
661 5544467
256 8737
642 4926049
392 54376
139 1439
502 526687
218 6275
189 4255
1052 418524058
963 162254176
49 134
116 842
778 24049637
1279 3445517243
1142 711497110
200 5440
285 11492
859 52236985
1302 3843428324
708 11333004
440 130853
142 1501
360 43688
310 20386
1009 261724897
1129 691597910
539 980704
287 13087
293 16184
22 58
881 61920547
515 924179
552 1918236
880 61326444
866 56128534
548 1669323
1202 2019990761
312 21261
807 26376916
685 9462919
512 798152
1216 2294974878
1265 2908411989
172 3318
432 111101
555 2145503
890 72757774
666 5811413
741 16521061
703 10011062
956 145472573
1274 2962694443
398 70456
620 3734065
410 84566
81 363
1081 561972282
1144 722080341
329 26782
152 2441
679 6034340
979 231044313
455 249002
125 971
148 1897
1079 553015566
1177 1232265947
1220 2495422073
946 130504371
628 4192776
766 20848243
478 407064
1044 390906627
1170 979034259
1200 1581717863
683 7405188
543 1283937
559 2436903
136 1089
445 189082
818 30247989
1048 414696263
179 4010
299 16861
983 233201329
70 276
87 415
948 142604296
106 606
444 150392
475 400473
1 2
967 192983930
69 215
507 639797
596 3125737
1159 811524407
511 768941
194 4645
42555 113
990 13364867
1323 764968664
183 738
660 133055
241 1697
1131 96018103
362 10052
764 872847
744 624548
36 44
738 531168
160 512
121 367
1 1
826 2199545
556 39361
1181 251461148
950 4303082
568 51509
1141 119447056
1279 448814523
256 2225
598 90932
1466 3831617930
1004 20641398
812 1864693
785 1085703
339 5329
1117 59993632
1427 2003958478
1425 1981184485
1314 744146084
356 8511
724 344757
794 1700253
701 195311
343 6060
1178 238199124
78 143
1221 325596511
675 162679
693 180223
1393 1149916082
967 5508210
1166 172677087
1177 226516758
1111 47751836
1418 1903109990
986 11669856
760 781206
1002 19137659
184 907
925 3762131
1451 2928905025
705 280430
438 17382
204 1028
225 1184
789 1413224
614 108510
306 3190
728 393916
1162 135271539
872 2838581
558 42796
1285 547015920
20 23
973 6829573
55 80
74 110
996 17282066
1122 73321185
1093 34599518
574 83730
1354 1094050863
1106 39762880
1157 126956394
1311 573291520
149 457
572 65207
1243 378042837
1107 42938357
1126 80626068
741 539590
964 5065747
1138 107492293
16 17
977 9523287
1405 1267273293
1433 2425233758
368 11324
681 174980
329 3997
472 23133
881 3352614
1036 30322863
321 3847
1325 955844130
84 175
1204 277069275
230 1475
976 8448217
534 35079
702 252385
890 3449961
1244 409282741
737 515037
345 7240
156 480
1016 26390888
1415 1530709271
92 226
482 25024
46347 104
225 6834
1294 438978774
1335 564088644
1233 146886201
132 1165
1276 272809648
523 143220
1466 2674438897
1495 3934027143
1373 996265911
1377 1008486594
168 2310
1486 3038893025
753 3386698
26 70
720 1623271
810 6118745
213 5252
296 19962
1051 43985565
1338 731791359
106 641
634 455858
1101 77802335
685 859148
122 898
702 963360
776 4177905
1450 2091466992
1258 227042369
455 103583
808 4723620
548 281770
1129 92482556
51 185
541 217470
171 2576
595 370892
474 109103
1103 82626220
383 64901
314 34363
313 29893
788 4508898
998 22835190
358 44426
163 2038
1288 326039368
272 10080
871 8833856
632 423005
201 3800
916 10153371
217 5607
1 2
1306 506949378
1084 66587128
950 16795851
413 85516
76 341
194 3564
1161 119836413
1001 28528393
110 756
285 12631
639 563269
1003 35792581
682 845158
1392 1126599947
1072 56386446
48 163
736 2154277
1323 532039211
538 177931
937 11631703
1356 824497167
707 1229989
67 271
825 8073829
150 1685
95 497
1248 202801461
751 2798102
288 15081
1491 3646122762
949 12996617
1289 379764943
1408 1480823864
1029 42396430
818 6738450
429 89997
1134 109042279
360 45307
367 56725
148 1466
721 1780861
663 680206
1235 174290577
39 127
976 19648926
300 23310
1431 1653283782
206 4808
14 36
41992 107
664 1502154
967 111562497
591 680571
945 73415035
850 21913037
407 40019
923 39543910
161 1148
40 118
860 25547887
988 152624548
462 76243
487 144872
469 105014
949 88422365
986 140916545
888 31360290
283 5753
996 189176643
312 12698
464 83886
380 30507
1000 234178068
803 13348081
681 1921107
19 45
1087 1155193654
1132 1987051408
677 1719671
567 525157
970 123808042
435 61823
931 48504523
1165 2483681921
814 16167917
387 33379
746 5071815
725 3107049
1171 2725745118
627 972861
89 455
1103 1377922075
1183 4065719125
1080 921011911
41 122
1119 1618173059
764 5549700
942 61150886
80 325
270 4219
338 17449
612 937538
719 2514815
1162 2450416526
741 4059704
271 5235
484 133756
191 2046
295 7269
1067 787674337
1017 277824992
521 255317
1028 355951194
932 60242730
655 1305510
465 86053
66 211
1066 693064139
761 5459014
1020 284538237
769 8165579
766 6815525
352 21785
592 854030
517 247686
500 184673
950 96067727
1042 441768622
431 58648
590 611572
189 1695
1174 3267696886
299 7747
1029 378106997
1107 1419681684
565 403922
1 2
739 3756544
476 130909
1007 270242517
916 36306228
765 6026824
1113 1531012761
1085 976704996
1056 562124958
736 3498946
526 292799
108 704
877 29278327
426 45816
467 99276
799 10956149
208 2780
1089 1214104121
300 9932
28 68
1033 395699666
49618 104
8 14
699 10078659
154 1668
909 247796524
52 215
907 194661232
953 519357448
1042 1333559852
727 32120821
374 44737
1043 1644856780
13 32
1 1
1017 1285157153
657 5265564
878 163900998
638 4319489
322 14654
581 1369416
332 19296
330 16479
439 150844
1116 3669846944
589 1748656
713 19804520
779 40911921
461 203873
558 906376
495 418891
552 882122
956 642918371
383 58621
229 4409
954 520771104
71 335
1020 1293045544
246 6820
90 572
922 352382815
418 104856
707 16461464
97 743
389 85090
838 110317925
408 91374
2 3
859 125889394
724 25700829
987 831205589
988 1068742363
789 61359279
126 1088
678 8030922
611 2819941
958 649030754
387 66843
973 670183886
658 6658888
301 11272
465 241535
733 35214358
367 33034
31 98
73 362
830 98153895
599 2370444
591 1824148
623 3401833
568 1085187
494 330070
167 2176
709 19606247
917 349181290
458 197794
157 1956
64 285
544 692930
225 3795
271 9194
344 25169
207 2869
726 26955407
231 5722
595 1925591
368 42444
806 73475075
425 130378
935 470019886
343 21600
872 151116438
441 170843
1071 2387271457
529 561169
787 52942186
700 12846454
1076 2893005062
931 432562309
1051 2125379244
10 23
911 293733642
1109 3102369913
110 925
863 146447664
475 282224
45511 103
210 2143
232 4397
568 322517
1148 106737936
1391 1097944703
1280 313331084
660 766593
761 4184386
467 78087
1293 522479232
626 650172
1058 73425083
1500 1904692688
298 11960
759 4136371
694 1840459
15 19
164 967
1016 41945855
499 105716
1247 237796897
149 751
1046 57543633
220 3507
1474 1821130059
216 2767
1 1
1285 407201023
860 13094301
1014 37202761
818 7981741
1281 378461669
677 984007
926 18893936
1215 172988279
850 11766334
566 263849
1518 2187054253
56 123
985 28083428
1041 54762209
752 3701266
1017 50557298
109 391
1009 34378836
308 17903
491 86924
34 57
1501 2158855774
330 22956
176 1101
66 148
1115 101564318
399 48961
635 660441
622 526623
1368 1004345437
196 1615
538 219207
691 1299890
1550 3483033899
382 46724
1393 1424411110
117 451
591 429133
938 23695056
1194 153042004
727 2905506
1066 94539983
422 55881
1232 226442035
1376 1017739838
132 555
1308 646303684
251 5759
724 2356038
1262 250360751
287 6738
806 5498414
917 14414423
185 1203
1465 1766732285
707 2065324
302 14844
1438 1728309226
823 9186128
1531 2813257035
1186 143296490
989 29567073
88 255
1551 4246602286
1553 4269983283
1325 778948422
693 1617575
350 29934
521 138038
290 7756
379 39361
810 6292566
129 531
296 10042
808 5740436
534 173218
47116 101
315 17715
75 153
1124 1153338532
984 157366359
37 66
119 362
594 1133593
638 1623440
789 10311804
1131 2175581154
706 4199127
687 3421517
1002 167727987
167 1199
20 32
448 83447
918 69270245
579 502847
1144 2318845361
892 44173745
640 2090797
358 32309
399 51947
976 121085899
909 62393272
713 5410163
1092 812960478
500 169607
1202 4049999872
286 7742
590 888680
146 615
372 38354
538 318945
206 2800
600 1195157
143 587
573 440505
745 8649909
1061 483698821
185 1717
160 1006
504 205623
1042 263154764
74 144
510 257359
1053 338373291
810 18703577
1128 1479582967
752 9149276
339 24697
1145 2777995697
305 16202
802 17411599
1060 422844184
907 52120166
461 123553
641 2141552
1158 3252343656
282 5993
1089 665879375
1130 1790546471
632 1366270
302 13596
819 21065274
1111 893588984
739 6985175
1067 516234896
449 98914
587 684079
220 4223
389 50550
969 88687352
841 27746340
591 990419
446 78365
671 2579019
204 2405
246 4937
301 11407
542 367384
335 23577
440 77011
1184 3531335086
583 582903
100 254
879 35995732
360 33501
598 1170132
5 6
940 78125587
154 760
1017 203617214
1 1
801 13471379
19 27
208 3235
972 107494896
142 530
417 60979
288 9778
40052 120
863 55797662
16 31
130 2637
1199 1771853088
497 844346
1233 2437482902
761 13765738
63 388
856 49036903
496 772178
380 286970
577 1365197
94 698
941 120535147
627 3727792
178 9780
607 2180065
1051 247464093
89 599
1165 1223138159
24 65
848 38518762
266 46373
254 36420
1053 263769364
921 89550558
285 57890
914 84387702
354 137592
1104 630206737
1188 1443631007
825 29776885
426 384149
636 3999149
463 435625
1069 329463170
33 103
114 1137
743 12533865
14 18
147 3146
927 97687578
32 95
157 4151
165 5970
1219 2260467749
791 18841192
152 3411
1173 1417144498
812 24761799
1105 665711834
712 5461091
891 71119394
604 2072119
792 18973011
594 1499786
241 29775
120 1519
23 53
1235 2676528696
731 9982066
603 1828979
912 76135035
488 740495
167 7841
218 16772
1204 1845396308
719 6856013
311 75196
215 13514
1077 462736563
457 413419
1011 165614362
324 94892
1074 386094319
161 5762
361 180367
36 126
1061 284078921
773 16769591
158 4486
473 456875
666 4470841
362 229205
1112 704454506
1243 3432129087
229 22108
15 24
506 872646
121 1953
602 1781968
736 11374125
39 177
220 20443
852 44852894
829 37259349
508 1059003
570 1311355
286 62282
1033 191644816
245 31117
1098 486164848
1129 981933633
478 502458
1115 760683882
957 132244185
616 3109583
487 623917
1 1
725 7179167
635 3872185
999 142823271
262 41519
730 9375900
737 12313857
46 219
340 110416
728 7310776
102 980
610 2796706
44613 107
102 433
388 45885
1213 2633471298
104 524
1006 161900441
207 3905
149 1183
237 7440
14 15
710 3858791
247 8831
319 19514
235 6589
795 8165931
985 103545929
532 242248
113 636
1043 336533482
409 70730
394 59431
708 3101704
1069 655360617
268 15268
213 4713
1059 557902653
92 317
880 22764346
578 584915
1028 225722325
474 128544
1225 3790809244
490 176129
162 1575
29 49
956 72826356
897 33914636
128 889
1030 271387345
54 120
253 11137
689 2466136
423 75805
37 72
38 84
626 1146730
98 362
199 3167
992 111402215
969 74185755
775 6934060
714 4425375
1173 1699761052
1175 1832419884
580 720833
1229 3866089643
559 339462
486 157715
613 983589
1170 1494567947
1148 957519202
82 253
1044 432163441
338 25628
1 1
473 98960
376 41326
836 12839648
406 66698
519 231394
1167 1211158963
1129 834432106
974 79457436
574 559903
157 1340
709 3259140
680 2080183
1100 806958275
569 438983
1065 588470889
770 6192410
928 46237821
25 34
993 123297761
517 229669
225 5079
77 205
1190 1993963479
639 1492763
1001 159430760
933 46526748
1025 174617856
1217 3316457461
873 20565466
193 2756
674 2040675
918 40832352
436 89688
939 56020252
185 2223
539 263259
115 714
260 11994
891 26796276
809 9964330
853 16931721
361 30700
707 2720372
49885 99
157 3789
123 1456
902 298887668
843 118502994
1059 3484439783
721 11357703
631 2065706
8 22
418 263671
154 3161
713 7612591
512 892551
262 19589
125 1755
736 14822076
350 134258
763 25513282
873 190078302
424 306898
99 859
68 380
191 6530
840 103441940
789 35694278
899 253431318
894 242246091
780 29156010
396 229242
839 84463856
241 13093
537 1300148
680 2979964
386 205594
223 9012
344 118644
708 6765787
625 2045643
82 649
520 917718
827 52867632
716 9910171
970 806526181
334 91557
323 77184
376 181494
906 368981947
16 56
286 41881
279 32924
457 415081
62 324
575 1577884
233 11039
164 4509
75 494
1 2
521 1017664
1007 1576067272
820 46321012
482 549236
964 739727127
320 70986
792 41372000
328 89086
685 3866466
404 236693
369 142899
447 331718
754 20059363
252 15022
837 69078749
19 79
1002 1320925679
694 4752876
949 496931226
1012 1869636048
104 960
494 706856
1001 1089087474
998 915569468
947 477180354
1035 2837404170
319 69969
681 3474452
655 2424848
884 223251835
267 25237
217 7853
703 6156679
958 648445013
838 80314391
1032 2360055372
287 49917
753 16423315
147 2448
853 143734870
846 121923013
525 1053138
1090 4092295136
41997 111
170 2713
586 4563768
175 3243
100 410
549 3451278
74 194
454 396736
889 110708143
1168 3615008123
968 224534845
320 85698
560 4085009
253 16185
451 345416
504 1545377
821 59609450
498 1263922
224 7085
284 30375
718 23318031
1006 323499716
391 135017
1023 498264565
383 121925
984 311918861
151 1897
466 734345
477 1037790
911 121574329
140 1099
591 5072085
470 795161
142 1422
452 349201
639 8820991
528 2494178
1109 1305658917
703 15509232
636 7374572
641 9298785
1103 1091524307
685 12822015
1154 2324758407
556 4044551
446 337006
941 148656761
970 259135594
399 172789
728 26720082
938 135952895
327 99740
664 10617258
199 5525
305 43356
130 994
267 20645
286 35464
278 23758
465 569382
1145 1679244332
731 27149359
950 194903968
546 3059301
415 242053
426 295275
880 84741075
511 1795723
704 18847558
710 23015012
786 45836274
1025 639867372
861 78230739
624 6675121
1029 768607112
308 60944
129 802
1018 419401647
105 503
978 277620810
761 34335064
254 16752
930 125463171
307 55378
1143 1450054749
1050 856663402
461 438396
99 329
1170 3940575543
866 83352676
3 4
235 12778
1152 1789907432
228 8836
1166 2995099294
829 66795729
181 3997
413 219431
112 691
1 1
396 151586
316 81033
781 43536103
147 1475
63 134
1069 946666292
233 10385
522 2052881
17 28
62 114
574 4422275
597 6225090
41140 105
361 32895
877 51363198
1138 1299965823
436 84438
806 8381416
460 146248
985 236796455
1014 266600225
6 15
34 140
1116 640739224
449 107198
903 93917811
222 4585
849 32611132
785 5689026
860 46405999
616 443408
855 36619127
776 3761963
362 38881
291 12034
456 126947
1133 1056476168
591 280616
1041 358388272
768 3299628
121 1143
1169 1769031488
499 176025
875 49273939
834 20497795
644 791375
784 4639128
1118 768842980
710 1205782
38 198
583 222616
905 115077694
734 1622320
331 27453
619 503069
1173 2228467790
1177 3303360198
411 62622
848 26124820
627 604230
12 43
51 313
738 1946556
238 8041
237 6993
828 17844040
224 5469
1085 595808878
665 1046057
197 2670
512 181938
948 146628162
986 254609603
150 1560
611 349434
1052 460759322
1036 324660602
7 24
1176 2575684572
896 81511385
1178 4112575671
749 2331057
530 189148
73 492
82 709
825 16149711
972 194059657
273 10876
800 6835642
293 15485
943 122292248
893 75175263
589 230415
157 1768
196 2552
405 53463
148 1501
1022 303780107
203 3223
311 20157
810 10363232
1092 614789393
798 6346465
1 2
210 4325
750 2984395
886 62938080
818 13652317
429 70452
1166 1556037574
959 154962349
1047 444558083
712 1563864
262 9890
1131 1001742352
817 11581805
88 803
630 710676
45442 96
1169 1248167470
664 3928091
1186 2474505107
379 32680
971 182964281
471 382063
623 1911129
343 17241
462 249101
353 19198
115 824
1168 1087623081
839 27348690
175 1754
885 67893819
1213 3608544349
565 983819
676 4654072
920 77587897
837 25143528
46 154
1204 3153327403
1228 4213298031
212 3171
1 2
641 2252379
373 28312
245 6076
418 88947
810 15869351
47 170
879 63473497
949 103887851
412 72516
109 629
734 6733837
1170 1467341472
1132 653245462
539 733126
354 24371
663 3187551
68 284
776 14819153
987 222815070
651 2589286
20 56
65 246
327 14384
221 3680
769 11312578
950 132954254
183 2175
872 46933538
7 17
856 36959568
79 398
160 1419
1143 878855601
1116 536767309
1015 348638679
939 100516844
929 96707653
385 41811
875 55724201
440 150959
825 20682875
450 196338
549 951390
1176 2207926956
490 463744
589 1402435
470 311010
534 708038
841 34335520
973 185322306
227 4446
1173 1863145024
571 1267796
761 8874965
208 2878
1019 393001285
993 279277982
667 4129336
531 552175
263 8247
296 11757
420 112388
1136 754658605
403 66915
711 5427128
400 56376
767 11239878
969 168297118
1060 410292454
873 48970460
1157 905550365
47101 110
565 44164
1257 219181008
684 130711
187 1581
1421 2870021640
1457 3766553465
134 524
72 213
1231 167092142
1128 76260570
1263 303064234
103 324
168 1163
387 7924
439 13142
192 1763
849 1772769
1289 438040363
1380 1298682768
528 30236
775 937631
614 74860
317 4025
1395 1702622644
807 1147117
929 7247546
286 3124
1082 71788282
131 428
1235 185188912
1248 204499436
827 1389159
322 4861
511 21255
557 33565
1403 1739647406
1453 3724929017
584 63142
947 10493672
1338 1056212449
1 1
1022 20208898
1449 3409654787
140 681
1258 234818578
1430 3255183025
1334 898595045
185 1340
1309 747294525
713 260290
1364 1132148407
427 11262
338 5398
53 151
1068 52822038
1418 2518106330
139 569
622 90951
1137 88260695
654 99327
892 3095503
2 4
726 473236
983 13682120
838 1520397
850 1974041
919 6722336
917 6621095
893 3914241
1288 349420294
156 1065
1051 37416505
766 836024
1035 22426024
1179 136659034
741 583971
754 726088
1291 562459172
723 371033
943 9409364
1148 110992797
4 9
424 9355
707 192300
899 5030295
440 15492
1292 650296679
1394 1660600484
708 213105
688 150996
512 25157
268 2588
1411 2042554749
1070 58097472
571 53792
1018 16139323
1044 29395990
1264 306792402
706 160672
718 337711
662 113173
1175 129469141
148 870
401 8616
1063 42904587
885 2663266
997 15168735
1201 141308951
629 95087
191 1700
49174 110
1033 32486649
726 1320506
1352 1323615686
849 5011909
619 395342
472 77998
319 13373
366 23257
492 91009
628 414477
154 881
1155 186789250
617 316612
211 2018
507 115204
1189 204866901
1269 481940152
131 579
1310 659013458
787 2215025
479 88402
242 4452
655 577374
966 12799670
1304 563689913
281 7208
1081 81850959
680 1218473
1194 322895239
411 54056
95 193
965 10050398
835 3908626
254 5216
1009 20655316
1056 44280394
1324 1061848664
241 3780
640 513721
1191 236494675
105 238
1064 56158035
534 139425
663 793700
1364 1673319434
170 989
4 5
390 32997
669 966746
1431 2652660571
192 1655
1000 19262085
1487 4158982737
1371 1757533569
179 1256
612 245922
1227 409971543
920 7375676
1313 840545797
1190 235223601
805 2393588
1086 92555506
976 16079305
1314 926088839
1106 111206383
109 417
845 4528842
741 1790896
1398 2171869037
569 178042
595 223624
299 11776
1123 180894716
754 2068952
1201 377978408
406 49950
48 80
1264 473900545
1472 3622101443
730 1695230
1 1
1276 549841266
353 21012
901 6718137
1443 2899126744
227 2585
956 8256398
1024 25864265
899 6258331
1112 144065818
537 151090
151 757
1223 403289927
332 17747
239 3323
822 3073280
398 40112
1072 66483024
1247 466392429
1193 290525459
97 213
1053 42704289
328 15522
389 28263
1067 65669021
252 4643
108 318
1111 116208913
294 9424
662 639829
49358 97
108 236
70 124
1221 320331363
372 15011
672 728015
1402 3886782133
963 22881704
60 85
266 7603
1340 1057717517
185 1269
671 634106
1025 64275020
968 32652485
952 18045476
620 382513
1278 612534488
871 7259273
618 332276
1138 158527988
199 1868
485 44066
622 406168
724 1789001
165 573
967 27537609
174 924
599 187973
167 601
931 12642917
1 1
562 95400
836 5060599
288 8341
840 5996278
1260 505372036
254 4837
1015 54274141
209 2503
42 46
448 26719
1061 81279234
569 120177
1213 252308093
780 3095316
881 9282152
749 2443335
153 524
260 6145
695 1114782
296 9189
1283 781982952
330 10739
470 34495
83 172
1232 384042795
475 37991
236 3970
1005 42504453
932 15366189
1387 2964024907
667 511630
691 877532
454 29682
1152 162328266
763 2625871
1111 152721617
1342 1267640097
713 1469039
1320 1030902336
338 12513
189 1458
140 370
222 3154
534 68343
586 155129
1065 100781537
352 13524
441 20477
1353 1569241286
499 51388
178 1027
1381 2423316987
1207 210750233
541 80449
895 9438710
177 945
746 2151814
616 257757
19 20
1358 2016796702
158 546
1079 124201852
613 225757
588 156946
809 4169665
170 755
42392 111
1186 3152490237
821 44031857
298 10518
1145 1642105792
1006 239263037
427 306927
612 3154477
438 328711
1 2
315 18739
1064 886536183
1039 495547514
666 11087008
840 52675401
1170 2013029635
808 30489296
624 4328924
1179 2552630316
845 53987876
799 29192839
309 12515
764 21891356
1209 3343821681
1047 577485432
1005 201539508
772 24365563
1121 1225532780
276 7929
1059 693176363
752 17801435
1107 1045396611
317 19079
559 1161009
927 132088751
374 91639
573 1706057
1033 389878368
292 9264
944 138736250
694 16166789
386 186568
1054 606451982
36 101
1001 190556282
180 2270
610 2833043
636 6240967
402 243802
628 5702967
169 1734
222 3208
129 1184
275 6942
1123 1259621927
101 714
1022 299555013
360 59687
597 2031641
60 204
568 1247930
887 87453719
857 69352519
515 729551
967 176606140
389 212959
634 6126566
327 41032
625 4840805
29 69
191 2657
904 89741397
67 317
98 597
369 84373
1216 3932482331
640 8084898
544 832843
377 105717
514 573889
614 3346236
555 992183
572 1462172
324 34344
274 5370
218 3096
947 169789866
1128 1494548516
66 256
383 160382
684 13573349
474 395849
1032 366411284
365 70515
480 469131
609 2460536
322 22870
302 11888
619 3865389
654 10076772
323 28149
925 103708388
463 383916
310 14969
103 878
342 44769
251 3943
1185 2677810739
837 44973496
379 122710
817 38805373
186 2440
45347 101
985 1290381467
521 2579671
874 509550764
684 30164414
495 1211267
694 33465362
461 651645
944 972485721
678 21225011
1 2
368 104477
472 941424
62 231
45 158
671 19008440
778 121764551
224 10928
714 60698700
937 763032898
537 3460055
569 4754667
338 46554
1027 1573041560
1071 2660287492
347 61578
652 14725748
240 14935
462 746424
216 8496
168 4506
17 38
791 161777524
952 1092798234
819 207297345
1050 1825249357
710 36406029
387 158381
24 66
88 464
134 2156
429 267963
664 16437264
500 1335607
693 33161836
107 890
252 18566
682 24128590
31 89
656 15886448
581 7785980
83 358
717 67383540
434 384500
499 1320065
363 80215
890 635726067
518 1914098
543 3832945
524 2693576
396 205413
108 939
519 2256642
939 881329168
111 1140
170 5377
271 32648
415 226994
268 25536
574 5964002
502 1541706
458 581501
856 369903292
668 16971852
646 12565300
452 450050
825 233382819
445 429623
89 562
139 2489
981 1266961999
432 317980
120 1648
370 127221
1105 3673808927
1055 2375612597
732 84526909
156 3509
802 195524618
713 49998463
835 278765355
863 465124424
1082 2701327044
114 1315
1100 2830356973
712 42236022
799 167451852
606 9629560
98 642
348 69194
767 110532318
789 141392178
49180 111
1258 35709438
1608 4263893373
1246 28506862
1497 582748133
1582 3276561606
855 633990
940 1228717
1598 3744586566
506 19290
276 1187
572 41117
239 640
1113 9431591
945 1530999
201 408
1079 6890243
1012 3426276
1373 157123748
952 1913084
57 90
105 192
252 718
1584 3640541325
235 571
713 100916
311 1767
1352 96736678
735 162648
1553 1936733474
1176 21211947
1490 472276274
1343 57848476
1173 17865690
1509 674934234
1542 1736862169
1301 43637851
655 65842
306 1669
1541 1708768043
1580 2615158516
925 1098967
756 175880
663 82176
1604 3762166961
725 128847
392 4901
1448 252282670
1141 12893767
455 12031
1054 4847337
1456 365499095
369 3545
368 3418
1308 45750090
563 39443
1 1
341 2546
912 922386
1521 860089616
791 249054
1167 17501449
971 2593226
584 48008
1575 2102252006
848 489833
266 1115
1415 187169409
734 136727
1215 26356619
429 7446
786 201081
419 6953
1412 167152055
1532 1359976145
1579 2324959853
418 5791
1492 487629857
1092 7386327
555 32371
1530 1268590520
827 389866
220 517
1132 10593064
1447 222746072
523 25072
263 934
647 54182
8 12
910 836918
371 4606
512 22155
1023 3845282
1452 322000426
507 21549
861 731339
503 15589
1073 6309102
454 10164
847 462484
687 91846
1571 1996203684
1273 37251256
322 2056
1372 124940601
968 2497974
812 327922
353 2776
1349 74263369
665 86968
1148 16170577
1529 1022224581
49299 104
370 61113
1004 137552197
206 8253
589 652017
1184 3730929939
1172 2543572039
822 13317138
163 3202
698 3576283
243 11443
1148 1579680580
63 400
966 57851141
616 1006348
521 300654
652 1433280
908 40699296
688 3388674
424 177352
561 381020
510 264397
722 4356190
1017 213831486
605 958019
108 885
898 31224756
754 6363622
598 753424
1007 172395201
39 194
819 9800248
871 21505832
820 11425562
759 7494382
118 1527
136 2124
971 68479363
198 6878
371 74415
246 13348
95 646
787 9076352
986 87003328
656 1803842
411 157467
27 117
102 813
874 23996214
1077 525859256
718 3769814
407 128091
683 2215322
723 5364509
1075 409184253
52 267
26 87
826 16059733
353 44739
194 5739
1037 281054824
294 24843
1159 1874457666
643 1281409
1046 349161428
1 2
174 3522
905 33143959
128 1995
372 85088
474 224765
114 1031
117 1278
563 489370
1117 867046651
934 52374957
418 160447
363 50352
977 76540935
828 16314649
1110 690675630
9 23
190 5002
1149 1796931716
1175 3205651307
185 4162
999 113150088
340 41522
1136 1539369509
312 30602
654 1721739
951 56292392
402 101794
642 1067705
979 77559214
684 2655448
257 18086
1124 1086565599
452 210927
1045 327416934
1195 4188049737
1133 1254458318
279 20460
1171 2296276279
88 580
40103 103
917 890173082
134 893
215 3592
347 24244
706 25358349
83 246
365 31971
443 120771
611 3950254
17 32
980 2376232467
562 2296934
854 324574620
484 263822
401 70044
539 1252971
231 4918
396 54519
846 246964984
510 766714
425 112592
294 7824
756 39601211
207 2922
896 674646480
784 63369111
865 330774411
762 43033560
996 4007454799
335 17202
334 16629
46 115
852 288376216
300 10564
113 591
504 533384
798 149463782
7 11
302 11996
982 3039894827
191 2009
95 363
655 7379439
485 324177
988 3834360823
793 119198631
656 8792865
226 4767
200 2264
671 11176576
216 4486
295 8977
619 5652399
172 1284
459 159957
843 184095066
118 732
771 55875703
600 3359411
929 1439188041
476 210957
866 428481501
673 13209807
829 170961679
616 5340988
565 2404715
964 1675023104
174 1471
342 19931
979 2125400157
558 1915704
844 189936192
105 414
723 29215043
789 104945863
182 1578
788 82605477
400 55662
513 962353
509 691854
108 526
613 4171709
422 93190
353 26812
366 34805
674 15954803
899 727349180
26 60
367 42724
615 5168373
922 1157628304
495 406477
568 2556900
354 28062
685 23219925
676 18031257
87 303
1 1
149 1052
887 533470387
932 1461505690
291 6984
550 1586909
48454 113
1479 1054212330
478 52467
39 44
1480 1135371404
656 539926
1364 246295992
1005 15504439
685 607113
529 96760
1184 71321989
274 2695
286 3342
1288 182937640
1400 344774594
340 7393
1437 454792039
1513 1461200758
835 4411734
736 1367018
352 9468
1550 2980563971
1445 694743664
463 25884
1154 37275630
480 64883
162 620
1039 20005167
1483 1370934735
802 3179896
1281 180701884
1 1
257 2480
1529 2611190354
502 71892
174 853
901 8719336
115 308
1052 21080488
1421 448909579
577 221587
718 650628
1376 281904490
1272 151745873
401 18418
1330 219731665
637 436895
470 31743
754 1773373
732 1059209
198 1103
1175 52406144
781 2606066
834 3694964
567 149774
15 16
1215 85058470
221 1739
1177 67270129
1408 381015637
548 115280
608 367802
1524 1890802472
979 9940549
850 5217730
1448 740644379
632 386864
1575 4013826870
859 6771538
1444 589104574
471 39567
1228 98485967
314 4398
54 80
1073 22011791
118 357
232 1959
1147 29662256
1254 130690360
475 44488
1557 3844789079
1367 276155496
1518 1826131555
517 76544
296 3971
557 122708
468 30205
379 12362
1463 931957332
1526 2266241280
672 558137
1002 13286197
40 47
601 339347
81 141
866 7240626
764 2132029
98 207
216 1510
206 1277
729 823419
600 263749
744 1689786
381 14045
763 1948920
673 593345
282 3121
1310 202993874
1478 949734778
520 82616
998 13164335
331 5642
1165 46180191
571 185975
40308 106
1051 3319585104
1022 2763542332
735 65086227
113 569
600 3440378
303 10734
1023 2824841080
858 470926826
792 175312558
958 1331275060
614 7224405
270 7659
398 126679
965 1617961660
404 160483
582 2592540
678 14435692
912 1043185028
715 32075427
865 490052170
823 255735245
990 1926711165
252 4998
394 106516
1059 3743458634
304 12207
35 85
345 46861
503 836847
336 38856
193 2206
60 156
608 5934194
879 663195290
485 557608
80 247
596 3014356
319 23315
438 241425
734 61771522
824 315464495
356 73795
474 345862
546 2177171
778 99153834
326 31079
660 8543196
763 91121915
704 24443714
199 3569
323 27115
309 15097
429 171432
721 43907604
433 219093
87 277
317 19333
871 600325265
602 4610733
787 135638150
688 20573706
442 269338
857 404501724
175 1251
383 93425
674 11248035
347 58292
933 1110368676
145 894
744 69210589
816 203732788
330 34563
782 123339273
44 110
92 371
262 6390
720 40711497
727 48945301
375 90081
235 4252
709 28472501
1 2
874 616528691
902 878564122
545 1945793
963 1578305038
479 465627
184 1444
460 330462
188 1661
477 381809
144 856
852 387113958
524 1355387
575 2349245
983 1857856986
601 3579201
840 340200399
195 2784
504 1065531
683 15901755
493 675026
1011 2711766604
530 1746441
777 98480090
1010 2248036814
44185 111
850 153372053
108 572
1018 500443503
90 464
190 3522
534 1845372
787 63937514
399 249879
345 61181
956 444100149
49 155
358 71529
717 38571697
328 33946
321 30771
637 9939398
659 14415411
1049 1195423672
952 354473400
555 4163466
176 2812
1130 3620945016
419 326680
1077 1737560866
491 862419
85 348
372 105366
549 3027619
145 1631
777 55964081
705 33191967
1 1
848 139432302
221 6932
287 11903
638 10256368
343 49881
730 47197679
1037 953918704
3 6
1068 1551406620
220 6655
1061 1247421900
591 5757499
430 443678
428 415596
224 7847
298 20398
961 452130405
388 195294
153 2134
1168 4116695234
56 188
308 25107
807 78760581
697 28980892
688 23051006
895 246644571
192 4091
882 175957359
266 10267
839 104385881
636 7807339
1102 2729028829
375 121225
613 6431952
139 1276
1007 484911016
1036 847618032
379 174327
377 156238
125 849
482 532172
334 40743
360 83160
499 1040909
530 1476248
201 5189
367 91745
543 2353044
210 6065
490 679480
643 11537790
562 5400908
344 59570
1056 1203594261
918 291007605
667 16895481
371 101156
387 194553
648 13782549
709 33609357
510 1219784
738 51573921
844 132102635
672 20911406
885 234687955
1019 551064946
1110 3175933564
289 14846
1034 699640721
883 206357597
133 1151
296 17407
119 710
551 3930013
1117 3228147760
17 44
426 404648
12 30
1093 2111680595
49096 90
1127 1641775429
154 5767
1000 298445690
490 2174332
1033 505859880
1177 3193248198
1158 3043615377
880 54847028
944 133386724
332 237513
929 109950203
583 12816620
515 5034901
297 108474
1124 1554679211
979 191787804
254 35847
107 1716
1010 380978073
42 233
1135 2059790201
218 17969
67 523
21 75
1141 2506727689
171 7503
144 4298
702 24864640
13 36
424 931369
804 33901794
364 392711
888 82408386
1116 1245222797
341 323931
1013 391348686
505 3450337
285 69534
65 403
975 151058979
916 99361827
575 10906924
98 991
496 2778766
1150 2778702436
339 268486
272 47340
1068 710959713
1092 831690461
248 23200
459 1966075
1035 586149586
1 2
532 5711206
815 48432254
311 129963
886 66078825
693 21905789
274 55759
208 13240
329 205820
438 1447314
585 14242713
68 603
506 3887802
1209 3963176029
988 240570716
209 17093
432 1226753
547 7494829
73 683
367 504612
411 816445
346 372041
122 2871
325 173564
103 1288
814 40861084
113 2166
250 28842
8 20
510 4054096
556 8474371
369 608318
639 19650059
200 10320
533 7020216
1104 1068950560
296 90525
37 170
46670 102
1225 279249136
974 19013470
1315 1246739041
1301 775931295
345 30088
377 53180
443 126215
635 570572
1179 241977551
55 315
11 31
128 1725
660 634867
1 2
923 7627377
156 3344
706 1243654
1304 989741708
419 100882
338 26565
189 6758
34 157
670 829921
1002 29111020
282 15319
1105 70172404
750 2120575
257 10791
22 82
587 348339
178 4490
738 1638891
1172 199451802
127 1687
675 883001
1069 49170881
1142 121856627
897 6744429
1260 472836701
525 306671
479 153318
398 72222
808 2541148
876 5576625
513 266273
408 89604
694 946235
991 23111753
96 1121
58 429
608 436001
887 6176186
1377 2094971370
1275 530240632
1004 37784305
139 2066
482 194147
1240 362603834
1351 2033239915
1092 59873502
155 2817
848 3384388
394 62114
509 237550
1114 90525384
359 37683
856 3699266
954 12779604
1254 446237125
204 7657
1388 2530977987
827 2655802
720 1304567
925 8852278
1302 783618489
10 22
366 46930
488 199899
89 1011
1470 4163814201
926 11329041
181 5874
1281 533210813
649 594876
88 798
311 17991
153 2329
869 4292382
1340 1358628545
606 365955
1383 2489308039
1347 1609061295
1138 113191162
1445 3374539810
325 19750
1287 659193207
1144 155548982
1046 45298934
1249 393511418
1300 745530145
47 259
964 14614670
48609 114
1321 731967908
226 2966
1475 3820797973
73 118
1293 607532157
1473 3775250070
1098 154335205
1017 78414395
330 14972
1 1
96 276
814 11118547
752 7066503
466 131463
1112 209287272
428 55424
722 3174890
933 34825340
263 6082
808 9744772
1093 135640665
1472 3010524167
208 2554
658 1230951
1121 271334724
1165 322478834
420 46334
464 87336
289 10249
1287 597869007
484 163241
961 37402190
40 43
730 4511305
1332 755188202
518 192233
123 570
1115 213323531
128 828
531 275956
681 1984243
1380 1033909416
1463 2372714801
844 22111372
150 1102
711 2638845
200 2454
764 8129165
125 646
976 48295719
90 189
724 3443624
401 28698
247 3637
1274 491601501
835 17066894
1106 171481279
101 346
739 5688702
603 762191
849 27209736
465 111464
655 943861
539 347143
990 54470548
699 2394362
1366 940718344
1435 1880231138
132 934
63 85
107 437
1151 288644763
408 37353
670 1544683
1479 4149788864
1018 97573524
1415 1206306582
569 449838
1196 402191532
1054 125490266
255 4702
1117 229494335
402 31622
809 10968491
1361 868637041
455 76065
1234 430673899
93 220
313 13496
567 424861
768 8307674
1180 394582114
340 18810
1416 1346115193
1423 1533266586
1202 407727288
822 13575155
758 7332945
352 21497
410 39361
745 6578767
175 1544
718 2813846
685 2230657
1178 357704490
189 1898
293 11796
608 853276
1004 61868893
277 8894
579 574754
501 174512
519 221265
274 7635
47846 103
1464 3196743224
114 445
283 6997
1045 31512601
251 3653
829 2493846
1 2
523 104569
644 308630
1310 371518713
818 1976748
1147 106496661
932 8088816
519 88317
470 57351
1300 268169253
633 234904
729 780646
805 1164781
288 8249
538 121853
1026 24504764
555 162523
223 2430
469 51170
388 29132
215 2065
1008 16373765
689 466405
1411 1829389724
811 1622155
871 3927262
698 618452
1115 64822151
929 7053456
1442 2927229165
809 1465443
210 2009
260 4448
1319 588663483
349 17752
1400 1680984991
960 12048382
271 5912
54 176
1023 20150228
918 5480882
296 10412
1069 36518418
1314 435025127
766 935184
141 905
1076 57181172
139 703
1476 3626137996
629 213980
1316 479276455
542 153099
1350 650562557
246 2888
171 1408
1428 2355772827
1125 78263074
1219 170860578
244 2858
696 549857
1139 95499000
1324 591506074
1398 1409436023
11 26
919 5698300
830 2760895
187 1714
1227 207902535
343 14426
855 3052756
497 74128
353 18587
1386 1177271994
1025 21340684
1246 220735768
460 46561
1380 992452033
1367 781147891
812 1791221
874 4283504
42 127
331 13496
471 62680
1082 62744437
946 9853587
1133 86904237
1171 117360463
397 32312
157 1015
41 122
357 22438
680 392199
1183 148204789
1075 46236828
1301 291842196
889 4514392
770 1080915
49648 107
201 1293
1148 277573643
415 40243
1320 2034121545
84 187
429 53912
1003 105225192
439 75404
317 5760
986 95591278
739 4274870
233 2245
396 20407
397 23182
221 1586
460 84307
473 102201
1060 175368406
602 622431
108 369
968 67276603
1032 131427458
377 14737
159 715
835 11470819
337 8382
614 1265634
1128 255378870
1 1
1288 1508781328
721 3757878
942 37852696
1084 198761005
232 1939
977 71022461
152 643
1155 360176945
537 205281
89 259
1206 529964122
257 2559
78 169
274 4211
908 24415606
658 1957237
343 9924
851 11996806
1216 575707826
1359 3298847790
457 83694
803 7940964
807 9632706
1252 1139908933
621 1448951
555 302214
563 385151
1023 126637454
1094 222732272
1240 754164204
436 66182
608 967045
578 401745
816 10288264
322 6761
1156 445455796
893 17403103
548 238439
962 50035952
1248 951672113
258 3145
167 842
386 17479
47 66
480 108690
1232 699394062
706 2646728
642 1614574
718 3287478
676 2090161
584 433812
464 92813
741 5098950
1323 2633964638
607 764283
1315 1675488142
746 5800309
1101 242086716
985 75815413
368 11431
518 184531
407 33193
914 30047789
1319 1790727407
404 28984
967 58445656
591 484761
505 139729
1387 4137148655
61 102
682 2528440
889 14622037
1360 3824083088
707 2807205
896 20073272
1019 115658793
3 4
902 22636949
43807 102
971 19893351
1004 42584134
1033 80295987
647 1532570
1157 510886888
941 10685232
581 660869
1330 2395166562
838 6736223
278 9145
319 28466
1010 56572277
295 14374
66 342
1356 3151137885
945 12480417
444 73486
291 12717
30 91
1089 133011398
979 25485201
570 404030
1 2
118 998
1006 52115337
1013 60062814
334 31829
1236 1086648684
651 1981924
315 24886
1125 224795580
479 115375
492 208656
1137 326791175
830 5932913
557 278879
605 1055851
239 5414
965 15072341
512 221552
1136 274488963
707 3079867
12 28
342 34971
806 5673430
19 45
304 19130
1086 104280665
81 537
490 164340
997 34492650
577 523931
1151 427431017
1094 141057103
699 2375042
370 58073
71 463
1302 2208220987
566 329319
127 1200
1164 664050900
1224 807408723
308 20714
1109 183055385
137 1546
721 3464341
725 4213644
254 6518
585 808002
753 5041291
970 16832708
58 229
1361 4082895782
522 254919
279 9452
617 1356407
468 110157
446 79701
61 276
481 150211
1031 73451888
1282 1439937173
587 853393
1233 1041416612
715 3222039
990 31839041
880 8949569
161 2299
1300 1763612021
747 4416948
1286 1555852113
609 1137598
206 3788
42 140
447 86293
1248 1237638239
376 60244
83 621
167 2500
1067 84299927
361 45795
1359 3281918850
46400 101
177 4967
813 34968804
430 153423
646 2618704
733 10411036
37 256
1062 1468356155
299 33700
758 14221382
359 104365
943 203489632
38 313
836 40737460
552 642802
525 373102
773 20587415
1069 1582677082
554 666521
30 162
779 26052112
7 20
791 31003773
668 3227906
1133 2642701793
326 52449
72 694
782 30575644
895 113596144
214 9662
515 325788
488 253745
1010 703510060
1203 3787314550
85 1163
340 71070
957 284105261
76 984
993 375858023
899 125928243
1131 2046724249
539 533079
1037 767274788
310 44674
1050 1129434152
581 1109347
23 99
1088 1834385723
353 81315
213 8171
874 77858839
729 8608575
890 92036943
1 1
75 852
864 54318319
1002 563081058
144 3128
456 176306
265 26993
361 123615
2 4
802 31992266
763 16484503
681 3999591
607 1757472
924 154523411
531 470050
998 460035248
490 289724
473 198578
10 33
70 591
197 6515
710 5687646
1081 1691191343
614 1923309
695 4672203
719 7022914
15 59
231 11505
448 161941
1180 2960586185
99 1666
188 5692
114 2211
587 1404132
914 134904610
1044 967674031
948 247989684
248 19877
1136 2705686188
896 114535117
285 29038
1035 742098366
778 24974519
453 165807
576 877878
236 15217
870 61004370
747 13340751
968 319457591
