9080848252397
10036830804545
9583921676228
9632639330308
8836750803574
8973211206618
9174948461691
8250284853762
8230114295353
9005458729783
9647587756174
10109459511212
8369704372083
9109593635079
9239239082871
9229279326518
8942710504618
8286295526646
8350906167946
10005300020910
9152759737043
8721324397066
8551827685852
8867803352192
9978344715480
8186926429090
8492963188155
9885611914364
8070216193427
9143727240260
8426726259294
9490580615034
9480186757324
9394477768701
8601800635009
8552420434489
9392008092096
9002235195662
8296353009145
9207930120019
8906721826435
8491007781172
8412832979326
9905974897200
9636752067896
8948202149369
9238900118460
9920616293177
9991654264181
8855875253325
8807035150567
9600791812351
9533627223064
9623254062776
9259089867904
8869788420219
9073349637302
8204304377216
8439611194634
8437320396050
9713112604391
8671194973784
8764432314755
8628372122111
9763144230753
8071169003463
9919364824160
8508218729414
8277266093695
10010278880984
9477134603719
9202709906987
8595105889269
9759633916115
8626427681510
8973065297015
9613889716680
9264551682010
9331121310422
8496446729448
8122679632283
8393021877973
8501299103645
9520764884353
9147943188049
9522908602090
8517323442776
8610257336303
8561884269821
8819856263287
9823870340670
8356060929150
7984320563314
9902782024847
9225714169925
10066069173523
9149939006785
9384335352320
9753463856647
9363573612383
