1
50 50 100
5 5
30 45
44 4
47 46
16 21
1 23
20 21
27 20
30 21
23 1
21 33
21 20
40 18
38 7
36 26
34 39
18 4
17 1
30 3
22 16
8 36
4 45
25 21
40 27
37 34
11 28
46 38
45 38
39 10
8 34
12 17
48 25
12 18
7 46
37 32
42 12
3 5
26 26
4 4
20 30
24 35
43 26
5 27
18 29
24 11
24 12
33 23
19 32
21 29
10 47
22 50
8 21
36 13
49 27
21 11
7 13
28 4
19 29
41 23
36 36
4 15
41 31
15 34
32 12
12 35
7 18
40 11
39 49
10 41
29 12
17 14
37 30
14 47
1 16
30 30
45 27
13 18
37 12
44 49
17 11
28 39
43 20
44 47
15 47
5 19
7 39
9 10
38 32
34 28
46 30
49 30
5 28
27 26
24 27
22 29
9 5
18 20
14 23
46 34
36 21
